# Tue 15:52:53 02-Nov-2021
begin	ecidentify 202110220017_SPECSLAMP_FeAr_slit16s_G10_E9_sum
	id	202110220017_SPECSLAMP_FeAr_slit16s_G10_E9_sum
	task	ecidentify
	image	202110220017_SPECSLAMP_FeAr_slit16s_G10_E9_sum
	units	angstroms
	features	26
		  2   18   529.52    4198.317    4198.317   4.0  1  1
		  2   18   632.21  4164.17962   4164.1795   4.0  1  1
		  2   18   648.71  4158.59024   4158.5905   4.0  1  1
		  2   18   730.25  4131.72341   4131.7235   4.0  1  1
		  3   17   929.61  4383.49999      4383.5   4.0  1  1
		  4   16   681.22  4609.56811   4609.5673   4.0  1  1
		  4   16   852.45  4545.05195   4545.0519   4.0  1  1
		  8   12   432.43   6172.2779   6172.2778   4.0  1  1
		  8   12   690.16  6032.12231   6032.1274   4.0  1  1
		  8   12   918.40  5912.08522   5912.0853   4.0  1  1
		  9   11   495.65  6677.28077   6677.2817   4.0  1  1
		 10   10    56.44  7635.10673    7635.106   4.0  1  1
		 10   10   242.48  7503.86663   7503.8691   4.0  1  1
		 10   10   582.10  7272.95255   7272.9359   4.0  1  1
		 10   10   898.79  7067.22537   7067.2181   4.0  1  1
		 10   10  1061.24  6965.42899   6965.4307   4.0  1  1
		 11    9   522.77  8115.31019    8115.311   4.0  1  1
		 11    9   658.01  8014.77118   8014.7857   4.0  1  1
		 11    9   749.05  7948.16923   7948.1764   4.0  1  1
		 11    9  1193.49  7645.10002      7645.1   4.0  1  1
		 11    9  1572.77   7383.9805   7383.9805   4.0  1  1
		 12    8   261.08  9354.21743   9354.2198   4.0  1  1
		 12    8   409.67  9224.50532   9224.4992   4.0  1  1
		 12    8  1084.05  8667.95492   8667.9442   4.0  1  1
		 12    8  1273.01  8521.43081   8521.4422   4.0  1  1
		 12    8  1400.68  8424.65181   8424.6475   4.0  1  1
	offset	20
	slope	-1
	niterate 0
	lowreject 3.
	highreject 3.
	coefficients	33
		1.
		5.
		5.
		1.
		1.
		2048.
		7.
		19.
		202815.063842072
		210936.3947747138
		148362.5205341567
		60902.66241523382
		19700.98675851685
		179425.2710126741
		293223.8863305762
		198963.4345595183
		81251.55810886077
		26045.25923393072
		11041.12881492397
		14898.44467276067
		10120.40206692413
		2404.698296177947
		902.947563676731
		-53357.05151521717
		-90293.83874538527
		-61539.49933939882
		-26815.757433432
		-8535.75999369379
		-31893.71152789881
		-54241.72894329929
		-36030.5541313075
		-15529.35993671322
		-4631.486462090491

# Tue 15:52:53 02-Nov-2021
begin	ecidentify 202110220017_SPECSLAMP_FeAr_slit16s_G10_E9_sum
	id	202110220017_SPECSLAMP_FeAr_slit16s_G10_E9_sum
	task	ecidentify
	image	202110220017_SPECSLAMP_FeAr_slit16s_G10_E9_sum
	units	angstroms
	features	15
		 10   10    56.44  7635.08047    7635.106   4.0  1  1
		 10   10   242.48  7503.92239   7503.8691   4.0  1  1
		 10   10   582.10   7272.8896   7272.9359   4.0  1  1
		 10   10   898.79  7067.24401   7067.2181   4.0  1  1
		 10   10  1061.23  6965.42334   6965.4307   4.0  1  1
		 11    9   522.77  8112.65706    8115.311   4.0  1  1
		 11    9   658.01  8016.08077   8014.7857   4.0  1  1
		 11    9   749.05  7951.54893   7948.1764   4.0  1  1
		 11    9  1193.50  7641.99916      7645.1   4.0  1  1
		 11    9  1572.77  7385.06768   7383.9805   4.0  1  1
		 12    8   261.08  9354.19065   9354.2198   4.0  1  1
		 12    8   409.67  9224.53868   9224.4992   4.0  1  1
		 12    8  1084.09  8667.94146   8667.9442   4.0  1  1
		 12    8  1273.00  8521.40273   8521.4422   4.0  1  1
		 12    8  1400.70  8424.67938   8424.6475   4.0  1  1
	offset	20
	slope	-1
	niterate 0
	lowreject 3.
	highreject 3.
	coefficients	17
		1.
		3.
		3.
		1.
		1.
		2048.
		7.
		19.
		73951.99417025946
		-7554.430276413347
		4698.187440325031
		5698.316846722299
		-1617.915929369899
		6479.79883247851
		1947.923737239106
		-745.9049185743178
		2423.462089215655

# Tue 16:02:51 02-Nov-2021
begin	ecidentify 202110220017_SPECSLAMP_FeAr_slit16s_G10_E9_sum
	id	202110220017_SPECSLAMP_FeAr_slit16s_G10_E9_sum
	task	ecidentify
	image	202110220017_SPECSLAMP_FeAr_slit16s_G10_E9_sum
	units	angstroms
	features	15
		 10   10    56.44  7635.08085    7635.106   4.0  1  1
		 10   10   242.48   7503.9217   7503.8691   4.0  1  1
		 10   10   582.10  7272.88993   7272.9359   4.0  1  1
		 10   10   898.79  7067.24416   7067.2181   4.0  1  1
		 10   10  1061.23  6965.42316   6965.4307   4.0  1  1
		 11    9   522.77  8112.65708    8115.311   4.0  1  1
		 11    9   658.01  8016.08077   8014.7857   4.0  1  1
		 11    9   749.05   7951.5489   7948.1764   4.0  1  1
		 11    9  1193.50  7641.99919      7645.1   4.0  1  1
		 11    9  1572.77  7385.06767   7383.9805   4.0  1  1
		 12    8   261.08   9354.1907   9354.2198   4.0  1  1
		 12    8   409.67  9224.53862   9224.4992   4.0  1  1
		 12    8  1084.09  8667.94151   8667.9442   4.0  1  1
		 12    8  1273.00   8521.4027   8521.4422   4.0  1  1
		 12    8  1400.69  8424.67937   8424.6475   4.0  1  1
	offset	20
	slope	-1
	niterate 0
	lowreject 3.
	highreject 3.
	coefficients	17
		1.
		3.
		3.
		1.
		1.
		2048.
		7.
		19.
		73951.51011271591
		-7555.069198297955
		4697.715525582845
		5697.630453460542
		-1618.822564444819
		6479.130420795627
		1947.690025358737
		-746.2171576101084
		2423.231891909111

# Tue 16:39:43 02-Nov-2021
begin	ecidentify lampref
	id	lampref
	task	ecidentify
	image	lampref
	units	angstroms
	features	15
		 10   10    56.44  7635.08085    7635.106   4.0  1  1
		 10   10   242.48   7503.9217   7503.8691   4.0  1  1
		 10   10   582.10  7272.88993   7272.9359   4.0  1  1
		 10   10   898.79  7067.24416   7067.2181   4.0  1  1
		 10   10  1061.23  6965.42316   6965.4307   4.0  1  1
		 11    9   522.77  8112.65708    8115.311   4.0  1  1
		 11    9   658.01  8016.08077   8014.7857   4.0  1  1
		 11    9   749.05   7951.5489   7948.1764   4.0  1  1
		 11    9  1193.50  7641.99919      7645.1   4.0  1  1
		 11    9  1572.77  7385.06767   7383.9805   4.0  1  1
		 12    8   261.08   9354.1907   9354.2198   4.0  1  1
		 12    8   409.67  9224.53862   9224.4992   4.0  1  1
		 12    8  1084.09  8667.94151   8667.9442   4.0  1  1
		 12    8  1273.00   8521.4027   8521.4422   4.0  1  1
		 12    8  1400.69  8424.67937   8424.6475   4.0  1  1
	offset	20
	slope	-1
	niterate 0
	lowreject 3.
	highreject 3.
	coefficients	17
		1.
		3.
		3.
		1.
		1.
		2048.
		7.
		19.
		73951.51011271591
		-7555.069198297955
		4697.715525582845
		5697.630453460542
		-1618.822564444819
		6479.130420795627
		1947.690025358737
		-746.2171576101084
		2423.231891909111

# Tue 16:40:03 02-Nov-2021
begin	ecidentify lampref
	id	lampref
	task	ecidentify
	image	lampref
	units	angstroms
	features	15
		 10   10    56.44  7635.08085    7635.106   4.0  1  1
		 10   10   242.48   7503.9217   7503.8691   4.0  1  1
		 10   10   582.10  7272.88993   7272.9359   4.0  1  1
		 10   10   898.79  7067.24416   7067.2181   4.0  1  1
		 10   10  1061.23  6965.42316   6965.4307   4.0  1  1
		 11    9   522.77  8112.65708    8115.311   4.0  1  1
		 11    9   658.01  8016.08077   8014.7857   4.0  1  1
		 11    9   749.05   7951.5489   7948.1764   4.0  1  1
		 11    9  1193.50  7641.99919      7645.1   4.0  1  1
		 11    9  1572.77  7385.06767   7383.9805   4.0  1  1
		 12    8   261.08   9354.1907   9354.2198   4.0  1  1
		 12    8   409.67  9224.53862   9224.4992   4.0  1  1
		 12    8  1084.09  8667.94151   8667.9442   4.0  1  1
		 12    8  1273.00   8521.4027   8521.4422   4.0  1  1
		 12    8  1400.69  8424.67937   8424.6475   4.0  1  1
	offset	20
	slope	-1
	niterate 0
	lowreject 3.
	highreject 3.
	coefficients	17
		1.
		3.
		3.
		1.
		1.
		2048.
		7.
		19.
		73951.51011271591
		-7555.069198297955
		4697.715525582845
		5697.630453460542
		-1618.822564444819
		6479.130420795627
		1947.690025358737
		-746.2171576101084
		2423.231891909111

# Tue 16:40:59 02-Nov-2021
begin	ecidentify lampref
	id	lampref
	task	ecidentify
	image	lampref
	units	angstroms
	features	15
		 10   10    56.44  7635.08085    7635.106   4.0  1  1
		 10   10   242.48   7503.9217   7503.8691   4.0  1  1
		 10   10   582.10  7272.88993   7272.9359   4.0  1  1
		 10   10   898.79  7067.24416   7067.2181   4.0  1  1
		 10   10  1061.23  6965.42316   6965.4307   4.0  1  1
		 11    9   522.77  8112.65708    8115.311   4.0  1  1
		 11    9   658.01  8016.08077   8014.7857   4.0  1  1
		 11    9   749.05   7951.5489   7948.1764   4.0  1  1
		 11    9  1193.50  7641.99919      7645.1   4.0  1  1
		 11    9  1572.77  7385.06767   7383.9805   4.0  1  1
		 12    8   261.08   9354.1907   9354.2198   4.0  1  1
		 12    8   409.67  9224.53862   9224.4992   4.0  1  1
		 12    8  1084.09  8667.94151   8667.9442   4.0  1  1
		 12    8  1273.00   8521.4027   8521.4422   4.0  1  1
		 12    8  1400.69  8424.67937   8424.6475   4.0  1  1
	offset	20
	slope	-1
	niterate 0
	lowreject 3.
	highreject 3.
	coefficients	17
		1.
		3.
		3.
		1.
		1.
		2048.
		7.
		19.
		73951.51011271591
		-7555.069198297955
		4697.715525582845
		5697.630453460542
		-1618.822564444819
		6479.130420795627
		1947.690025358737
		-746.2171576101084
		2423.231891909111

