# Fri 09:44:56 05-Mar-2021
begin	ecidentify 20210207014_sum
	id	20210207014_sum
	task	ecidentify
	image	20210207014_sum
	units	angstroms
	features	450
		  4   63   499.89  9474.87577   9474.8793   4.0  1  1
		  4   63  1000.92  9497.19371   9497.1891   4.0  1  1
		  6   65   759.51  9194.63614   9194.6385   4.0  1  1
		  6   65   977.28   9203.9606   9203.9617   4.0  1  1
		  6   65  2530.33  9266.20841    9266.207   4.0  1  1
		  6   65  2800.11  9276.27228   9276.2732   4.0  1  1
		  6   65  3220.89  9291.53398   9291.5313   4.0  1  1
		  9   68  1006.76   8799.0883   8799.0875   4.0  1  1
		 10   69  1179.28  8678.41092   8678.4083   4.0  1  1
		 10   69  3075.82  8748.02969   8748.0309   4.0  1  1
		 10   69  3380.07  8758.24549   8758.2434   4.0  1  1
		 10   69  3484.31  8761.68597   8761.6862   4.0  1  1
		 11   70   807.89  8539.78842    8539.793   4.0  1  1
		 11   70  2570.69  8605.77728   8605.7762   4.0  1  1
		 11   70  2998.30   8620.4594   8620.4602   4.0  1  1
		 12   71   737.50  8416.72425   8416.7269   4.0  1  1
		 12   71   851.58  8421.22446   8421.2254   4.0  1  1
		 13   72  1286.94  8320.85998   8320.8554   4.0  1  1
		 13   72  1545.09  8330.45292   8330.4494   4.0  1  1
		 13   72  3111.74  8384.72368    8384.724   4.0  1  1
		 14   73    69.03  8159.73159   8159.7277   4.0  1  1
		 14   73   758.07  8186.91218   8186.9113   4.0  1  1
		 14   73  3292.51  8275.62652   8275.6266   4.0  1  1
		 15   74   165.97  8053.30942   8053.3085   4.0  1  1
		 15   74  1222.88  8093.62477   8093.6238   4.0  1  1
		 15   74  2646.99  8143.13906    8143.138   4.0  1  1
		 16   75   865.47  7972.59462    7972.596   4.0  1  1
		 16   75  1038.09  7978.97133   7978.9731   4.0  1  1
		 16   75  2581.13  8032.42892   8032.4313   4.0  1  1
		 16   75  3008.26  8046.11603   8046.1169   4.0  1  1
		 17   76  1518.40  7891.07801    7891.075   4.0  1  1
		 18   77  1528.27  7788.93736   7788.9342   4.0  1  1
		 18   77  2392.55  7817.77065   7817.7669   4.0  1  1
		 19   78   355.79  7647.38005   7647.3794   4.0  1  1
		 20   79   321.46  7549.31285   7549.3138   4.0  1  1
		 20   79  2344.30  7618.34246   7618.3443   4.0  1  1
		 21   80   776.00  7471.16231   7471.1641   4.0  1  1
		 21   80  1069.43  7481.35394   7481.3545   4.0  1  1
		 21   80  1156.24  7484.32737   7484.3267   4.0  1  1
		 21   80  1943.02  7510.41022   7510.4082   4.0  1  1
		 21   80  3214.58    7549.316   7549.3138   4.0  1  1
		 22   81    55.87  7353.29339    7353.293   4.0  1  1
		 22   81  1187.51  7392.98046   7392.9801   4.0  1  1
		 22   81  2184.42  7425.29093   7425.2942   4.0  1  1
		 22   81  2511.87  7435.37034   7435.3683   4.0  1  1
		 23   82   658.79  7284.89957   7284.9033   4.0  1  1
		 23   82  1457.75  7311.71472   7311.7159   4.0  1  1
		 23   82  1590.15   7316.0065    7316.005   4.0  1  1
		 23   82  2717.12  7350.81116    7350.814   4.0  1  1
		 23   82  3461.06  7372.11734   7372.1184   4.0  1  1
		 24   83   950.44  7206.97923   7206.9804   4.0  1  1
		 24   83  1122.40  7212.69093   7212.6896   4.0  1  1
		 24   83  2817.54  7265.17145   7265.1724   4.0  1  1
		 24   83  3519.40  7284.90226   7284.9033   4.0  1  1
		 25   84   541.73  7107.47632   7107.4778   4.0  1  1
		 25   84  1053.20  7124.56187   7124.5607   4.0  1  1
		 26   85   385.46  7018.56977   7018.5675   4.0  1  1
		 26   85   733.15  7030.24858   7030.2514   4.0  1  1
		 26   85  1946.31  7068.73568   7068.7358   4.0  1  1
		 26   85  2466.27   7084.1692    7084.169   4.0  1  1
		 26   85  3295.14  7107.47672   7107.4778   4.0  1  1
		 27   86   406.62  6937.66464   6937.6642   4.0  1  1
		 27   86   584.89  6943.61109   6943.6105   4.0  1  1
		 27   86  1096.32  6960.25086     6960.25   4.0  1  1
		 27   86  2050.63  6989.65529   6989.6553   4.0  1  1
		 27   86  2431.58  7000.80223   7000.8036   4.0  1  1
		 27   86  3063.81  7018.56727   7018.5675   4.0  1  1
		 27   86  3498.33  7030.25084   7030.2514   4.0  1  1
		 28   87   507.96  6861.26811   6861.2688   4.0  1  1
		 28   87   815.62  6871.29367   6871.2891   4.0  1  1
		 28   87  1349.75  6888.17259   6888.1742   4.0  1  1
		 28   87  2115.70  6911.22378   6911.2264   4.0  1  1
		 28   87  3055.00  6937.66339   6937.6642   4.0  1  1
		 28   87  3276.53  6943.60933   6943.6105   4.0  1  1
		 29   88   355.85  6778.31251   6778.3123   4.0  1  1
		 29   88   753.88  6791.23663   6791.2351   4.0  1  1
		 29   88  1989.75  6829.03469   6829.0355   4.0  1  1
		 29   88  2193.30  6834.92586   6834.9246   4.0  1  1
		 29   88  3146.24  6861.26864   6861.2688   4.0  1  1
		 29   88  3529.32   6871.2897   6871.2891   4.0  1  1
		 30   89  1155.56  6727.45779   6727.4583   4.0  1  1
		 30   89  2495.45  6766.61062   6766.6117   4.0  1  1
		 30   89  2924.91  6778.31195   6778.3123   4.0  1  1
		 31   90   687.06  6638.21838   6638.2207   4.0  1  1
		 31   90   862.28  6643.69556   6643.6976   4.0  1  1
		 31   90  1353.30  6658.67439   6658.6774   4.0  1  1
		 31   90  1473.78  6662.26709   6662.2686   4.0  1  1
		 31   90  1612.34  6666.35843   6666.3588   4.0  1  1
		 31   90  1989.50   6677.2781   6677.2817   4.0  1  1
		 31   90  2237.77  6684.29379   6684.2929   4.0  1  1
		 32   91  1076.42  6577.21396   6577.2146   4.0  1  1
		 32   91  1299.46  6583.90445    6583.906   4.0  1  1
		 32   91  1456.18  6588.53934   6588.5396   4.0  1  1
		 32   91  1556.72   6591.4839   6591.4845   4.0  1  1
		 32   91  1641.15  6593.93934   6593.9391   4.0  1  1
		 32   91  2570.84  6619.94324   6619.9458   4.0  1  1
		 33   92   584.59  6490.73764   6490.7372   4.0  1  1
		 33   92  1300.22  6512.36306   6512.3639   4.0  1  1
		 33   92  1961.45  6531.34246   6531.3418   4.0  1  1
		 33   92  2804.14  6554.15638   6554.1603   4.0  1  1
		 34   93   292.97  6411.89941   6411.8991   4.0  1  1
		 34   93   434.44  6416.30961   6416.3071   4.0  1  1
		 34   93  1823.74  6457.28337   6457.2824   4.0  1  1
		 35   94   266.48  6342.86126   6342.8595   4.0  1  1
		 35   94   456.93  6348.73673   6348.7375   4.0  1  1
		 35   94  1235.95  6371.94677   6371.9436   4.0  1  1
		 35   94  1409.18  6376.92921   6376.9305   4.0  1  1
		 35   94  1684.57  6384.71764   6384.7169   4.0  1  1
		 35   94  1780.66  6387.39675   6387.3957   4.0  1  1
		 35   94  2694.44  6411.89671   6411.8991   4.0  1  1
		 35   94  2761.00  6413.61239   6413.6145   4.0  1  1
		 35   94  2866.21  6416.30589   6416.3071   4.0  1  1
		 36   95   959.50  6296.87199   6296.8722   4.0  1  1
		 36   95  1333.48  6307.65781    6307.657   4.0  1  1
		 36   95  1622.07  6315.77711    6315.775   4.0  1  1
		 36   95  2041.95  6327.27515   6327.2778   4.0  1  1
		 36   95  2633.98  6342.85893   6342.8595   4.0  1  1
		 36   95  2761.50   6346.1199   6346.1209   4.0  1  1
		 37   96   152.41  6207.22447   6207.2201   4.0  1  1
		 37   96   728.10  6224.52455   6224.5272   4.0  1  1
		 37   96  1083.65  6234.85526   6234.8554   4.0  1  1
		 37   96  1375.04   6243.1218   6243.1201   4.0  1  1
		 37   96  1894.93  6257.42686   6257.4237   4.0  1  1
		 37   96  2529.30  6274.11913   6274.1166   4.0  1  1
		 37   96  3450.05  6296.87504   6296.8722   4.0  1  1
		 38   97   444.18  6151.99439   6151.9929   4.0  1  1
		 38   97   870.45  6164.47783   6164.4796   4.0  1  1
		 38   97  1056.99  6169.82015   6169.8221   4.0  1  1
		 38   97  1143.63  6172.27658   6172.2778   4.0  1  1
		 38   97  1514.88  6182.62456   6182.6217   4.0  1  1
		 38   97  1716.50   6188.1239   6188.1251   4.0  1  1
		 38   97  1856.94  6191.90478   6191.9053   4.0  1  1
		 38   97  2297.07  6203.49015   6203.4925   4.0  1  1
		 38   97  2442.03  6207.21903   6207.2201   4.0  1  1
		 38   97  3138.11  6224.52803   6224.5272   4.0  1  1
		 39   98  1013.52  6105.63649   6105.6351   4.0  1  1
		 39   98  1346.38  6114.92402   6114.9234   4.0  1  1
		 39   98  1697.87  6124.48268   6124.4805   4.0  1  1
		 39   98  2236.97  6138.65123   6138.6465   4.0  1  1
		 39   98  2503.61  6145.44043   6145.4411   4.0  1  1
		 39   98  2766.40  6151.99125   6151.9929   4.0  1  1
		 39   98  3283.57  6164.47848   6164.4796   4.0  1  1
		 39   98  3511.90  6169.82217   6169.8221   4.0  1  1
		 40   99   596.78  6032.12808   6032.1274   4.0  1  1
		 40   99   791.22  6037.69437   6037.6975   4.0  1  1
		 40   99   987.12  6043.22359   6043.2233   4.0  1  1
		 40   99  1196.66  6049.04986    6049.051   4.0  1  1
		 40   99  1576.26   6059.3757   6059.3725   4.0  1  1
		 40   99  1940.97  6069.01977   6069.0207   4.0  1  1
		 40   99  2691.85  6088.03038   6088.0305   4.0  1  1
		 40   99  3138.42  6098.80279   6098.8031   4.0  1  1
		 40   99  3839.63  6114.92485   6114.9234   4.0  1  1
		 41  100   662.11  5973.66452   5973.6649   4.0  1  1
		 41  100  1214.41  5989.04422   5989.0447   4.0  1  1
		 41  100  1402.06  5994.12803   5994.1287   4.0  1  1
		 41  100  1892.24  6007.07267   6007.0722   4.0  1  1
		 41  100  2011.97  6010.16092   6010.1606   4.0  1  1
		 41  100  2442.65  6021.03343   6021.0357   4.0  1  1
		 41  100  2897.95  6032.12771   6032.1274   4.0  1  1
		 41  100  3133.00  6037.69556   6037.6975   4.0  1  1
		 41  100  3627.28  6049.05201    6049.051   4.0  1  1
		 42  101   575.96  5912.08555   5912.0853   4.0  1  1
		 42  101  1179.91  5928.81365    5928.813   4.0  1  1
		 42  101  1554.78  5938.82669   5938.8252   4.0  1  1
		 42  101  1777.66  5944.64652   5944.6472   4.0  1  1
		 42  101  3010.57  5975.06558   5975.0648   4.0  1  1
		 42  101  3621.59  5989.04292   5989.0447   4.0  1  1
		 42  101  3852.28  5994.13338   5994.1287   4.0  1  1
		 43  102   798.43  5860.30906   5860.3103   4.0  1  1
		 43  102  1198.44  5871.18488   5871.1828   4.0  1  1
		 43  102  1632.48  5882.62503   5882.6242   4.0  1  1
		 43  102  1751.63  5885.70021   5885.7016   4.0  1  1
		 43  102  2822.36  5912.08598   5912.0853   4.0  1  1
		 44  103   704.15  5800.82604   5800.8297   4.0  1  1
		 44  103   825.04  5804.13773   5804.1412   4.0  1  1
		 44  103  1245.32  5815.42501   5815.4219   4.0  1  1
		 44  103  2736.44  5852.67815   5852.6806   4.0  1  1
		 44  103  3065.00   5860.3095   5860.3103   4.0  1  1
		 45  104  1000.14  5753.02751   5753.0265   4.0  1  1
		 45  104  1285.12  5760.54904   5760.5508   4.0  1  1
		 45  104  1399.75  5763.52943    5763.529   4.0  1  1
		 45  104  2449.62  5789.64256   5789.6451   4.0  1  1
		 45  104  2927.49  5800.82894   5800.8297   4.0  1  1
		 45  104  3072.65  5804.14138   5804.1412   4.0  1  1
		 46  105  1340.00  5707.10399   5707.1033   4.0  1  1
		 46  105  1857.69  5720.18265   5720.1828   4.0  1  1
		 46  105  2069.69  5725.39017   5725.3885   4.0  1  1
		 46  105  2663.50  5739.52135   5739.5196   4.0  1  1
		 46  105  3259.17  5753.02971   5753.0265   4.0  1  1
		 46  105  3604.12  5760.55001   5760.5508   4.0  1  1
		 47  106   820.45  5639.74356   5639.7461   4.0  1  1
		 47  106  1240.07  5650.70422   5650.7043   4.0  1  1
		 47  106  1523.93  5657.92653   5657.9255   4.0  1  1
		 47  106  1894.82   5667.1317   5667.1281   4.0  1  1
		 48  107   531.51  5579.35973   5579.3583   4.0  1  1
		 48  107   820.07  5587.02415   5587.0263   4.0  1  1
		 48  107  1129.40  5595.06264   5595.0635   4.0  1  1
		 48  107  1386.45  5601.60368   5601.6032   4.0  1  1
		 48  107  1591.65  5606.73531    5606.733   4.0  1  1
		 48  107  1942.27  5615.31909   5615.3195   4.0  1  1
		 48  107  2996.56  5639.74719   5639.7461   4.0  1  1
		 49  108   973.29  5539.25946   5539.2618   4.0  1  1
		 49  108  1114.83  5542.88546     5542.89   4.0  1  1
		 49  108  1323.97  5548.17432   5548.1758   4.0  1  1
		 49  108  1750.47  5558.70436    5558.702   4.0  1  1
		 49  108  2368.16   5573.3534   5573.3535   4.0  1  1
		 49  108  2630.28  5579.35678   5579.3583   4.0  1  1
		 49  108  2973.48  5587.02637   5587.0263   4.0  1  1
		 49  108  3343.73  5595.06024   5595.0635   4.0  1  1
		 50  109  1138.84  5492.63919   5492.6435   4.0  1  1
		 50  109  1267.84  5495.87588   5495.8738   4.0  1  1
		 50  109  1403.91  5499.25625   5499.2554   4.0  1  1
		 50  109  1609.73  5504.30357   5504.3018   4.0  1  1
		 50  109  1845.74  5509.99465   5509.9938   4.0  1  1
		 50  109  2051.53  5514.87314   5514.8731   4.0  1  1
		 50  109  3134.21  5539.26286   5539.2618   4.0  1  1
		 52  111   856.52  5386.60753   5386.6107   4.0  1  1
		 52  111  1182.79  5394.75959   5394.7608   4.0  1  1
		 52  111  1715.69  5407.65369   5407.6535   4.0  1  1
		 52  111  2137.19  5417.48599   5417.4858   4.0  1  1
		 52  111  2424.77   5424.0098   5424.0079   4.0  1  1
		 52  111  2745.50  5431.11096    5431.112   4.0  1  1
		 53  112  1060.25  5343.58015   5343.5812   4.0  1  1
		 53  112  1239.07  5347.96669   5347.9714   4.0  1  1
		 53  112  1748.87  5360.15263   5360.1501   4.0  1  1
		 53  112  2390.24  5374.81791   5374.8219   4.0  1  1
		 53  112  2584.38  5379.11217   5379.1105   4.0  1  1
		 53  112  2930.80  5386.60905   5386.6107   4.0  1  1
		 54  113  1141.71  5298.27971   5298.2824   4.0  1  1
		 54  113  1718.01  5312.00228   5312.0018   4.0  1  1
		 54  113  1956.10  5317.49765   5317.4944   4.0  1  1
		 54  113  2377.43  5326.97506   5326.9756   4.0  1  1
		 54  113  3151.88   5343.5801   5343.5812   4.0  1  1
		 55  114   970.74   5247.6533   5247.6547   4.0  1  1
		 55  114  1416.23  5258.35822   5258.3602   4.0  1  1
		 55  114  1490.24  5260.10229   5260.1041   4.0  1  1
		 55  114  1774.54  5266.71112   5266.7103   4.0  1  1
		 55  114  2100.98  5274.12258   5274.1188   4.0  1  1
		 55  114  2414.56  5281.06548   5281.0687   4.0  1  1
		 56  115   716.78  5195.81148   5195.8136   4.0  1  1
		 56  115   853.43  5199.16687   5199.1637   4.0  1  1
		 56  115  1356.40  5211.22991   5211.2305   4.0  1  1
		 56  115  1695.62  5219.11177   5219.1099   4.0  1  1
		 56  115  2231.86  5231.15875   5231.1597   4.0  1  1
		 56  115  3005.36  5247.65485   5247.6547   4.0  1  1
		 56  115  3535.09  5258.35973   5258.3602   4.0  1  1
		 57  116   849.02  5154.23833    5154.243   4.0  1  1
		 57  116  1030.34  5158.60343   5158.6041   4.0  1  1
		 57  116  1234.86  5163.45709   5163.4584   4.0  1  1
		 57  116  1821.21  5176.96457    5176.961   4.0  1  1
		 57  116  2309.12    5187.747   5187.7462   4.0  1  1
		 57  116  2686.96  5195.81494   5195.8136   4.0  1  1
		 57  116  2847.46  5199.16781   5199.1637   4.0  1  1
		 58  117  1052.76  5115.04363   5115.0448   4.0  1  1
		 58  117  1633.34  5128.49346   5128.4897   4.0  1  1
		 58  117  1912.23  5134.74579    5134.746   4.0  1  1
		 58  117  2233.54  5141.78265   5141.7827   4.0  1  1
		 58  117  2397.82  5145.31217   5145.3083   4.0  1  1
		 58  117  2696.40  5151.60921    5151.612   4.0  1  1
		 58  117  2823.41  5154.24181    5154.243   4.0  1  1
		 58  117  3036.86  5158.60478   5158.6041   4.0  1  1
		 58  117  3219.87  5162.28452   5162.2846   4.0  1  1
		 59  118   647.70  5062.04216   5062.0371   4.0  1  1
		 59  118   895.03  5067.97063   5067.9737   4.0  1  1
		 59  118  2153.28  5096.48634   5096.4848   4.0  1  1
		 59  118  3044.34  5115.04546   5115.0448   4.0  1  1
		 60  119  1496.22  5039.23273   5039.2303   4.0  1  1
		 60  119  1742.24  5044.72179   5044.7195   4.0  1  1
		 60  119  1974.05  5049.79963    5049.796   4.0  1  1
		 60  119  2550.82  5062.03908   5062.0371   4.0  1  1
		 60  119  2840.35  5067.97269   5067.9737   4.0  1  1
		 61  120   975.20  4985.37037   4985.3725   4.0  1  1
		 61  120  1145.96  4989.31191   4989.3086   4.0  1  1
		 61  120  1715.46  5002.09766   5002.0972   4.0  1  1
		 61  120  2049.19  5009.33465   5009.3344   4.0  1  1
		 61  120  2420.56  5017.16808   5017.1628   4.0  1  1
		 61  120  2548.12  5019.80571   5019.8062   4.0  1  1
		 61  120  2985.91  5028.65258   5028.6556   4.0  1  1
		 62  121   780.21  4939.64283   4939.6422   4.0  1  1
		 62  121  1031.25  4945.45709   4945.4587   4.0  1  1
		 62  121  1915.28  4965.08118   4965.0795   4.0  1  1
		 62  121  2249.46   4972.1578   4972.1597   4.0  1  1
		 62  121  2898.49  4985.37352   4985.3725   4.0  1  1
		 63  122   600.55  4894.95867   4894.9551   4.0  1  1
		 63  122  1023.86  4904.75184   4904.7516   4.0  1  1
		 63  122  1369.70  4912.52782   4912.5293   4.0  1  1
		 63  122  1702.37  4919.81823   4919.8157   4.0  1  1
		 63  122  2336.71   4933.2097   4933.2091   4.0  1  1
		 63  122  2653.30  4939.64514   4939.6422   4.0  1  1
		 63  122  2946.51   4945.4595   4945.4587   4.0  1  1
		 64  123  1050.49   4865.4765   4865.4775   4.0  1  1
		 64  123  1384.66  4872.91904   4872.9169   4.0  1  1
		 64  123  1651.75  4878.73356    4878.733   4.0  1  1
		 64  123  1704.49   4879.8679   4879.8635   4.0  1  1
		 64  123  2139.17  4889.04107   4889.0422   4.0  1  1
		 64  123  2427.53  4894.95556   4894.9551   4.0  1  1
		 65  124   899.94  4822.85125   4822.8548   4.0  1  1
		 65  124  1071.25  4826.70258   4826.7004   4.0  1  1
		 65  124  1270.44   4831.1194   4831.1213   4.0  1  1
		 65  124  2051.70  4847.81102   4847.8095   4.0  1  1
		 65  124  2078.34  4848.36259   4848.3625   4.0  1  1
		 65  124  2934.56  4865.47779   4865.4775   4.0  1  1
		 65  124  3704.37  4879.86542   4879.8635   4.0  1  1
		 66  125   636.52  4778.29647    4778.294   4.0  1  1
		 66  125  1129.83  4789.38433   4789.3868   4.0  1  1
		 66  125  1906.09  4806.02129   4806.0205   4.0  1  1
		 66  125  2008.05   4808.1334   4808.1337   4.0  1  1
		 66  125  2742.52  4822.85432   4822.8548   4.0  1  1
		 67  126  1844.24  4766.60213   4766.6006   4.0  1  1
		 67  126  2420.91  4778.29386    4778.294   4.0  1  1
		 67  126  2993.78  4789.38457   4789.3868   4.0  1  1
		 68  127   678.67  4703.99131   4703.9898   4.0  1  1
		 68  127  1573.31  4723.43881   4723.4382   4.0  1  1
		 68  127  1737.65  4726.87047   4726.8683   4.0  1  1
		 68  127  1989.95  4732.05457   4732.0532   4.0  1  1
		 68  127  2180.64  4735.90525   4735.9058   4.0  1  1
		 68  127  2862.12  4749.19658   4749.2002   4.0  1  1
		 68  127  3033.08  4752.41642   4752.4141   4.0  1  1
		 69  128   969.75  4673.66053   4673.6609   4.0  1  1
		 69  128  1080.12  4676.05934   4676.0555   4.0  1  1
		 69  128  1556.86   4686.1958   4686.1946   4.0  1  1
		 69  128  1770.75  4690.62527   4690.6219   4.0  1  1
		 69  128  1987.26  4695.03478   4695.0381   4.0  1  1
		 69  128  2353.03  4702.31587   4702.3161   4.0  1  1
		 69  128  2438.74  4703.99144   4703.9898   4.0  1  1
		 69  128  3480.19  4723.43907   4723.4382   4.0  1  1
		 70  129   960.66  4637.23277   4637.2328   4.0  1  1
		 70  129  1950.37  4657.90257   4657.9012   4.0  1  1
		 70  129  2759.81  4673.66017   4673.6609   4.0  1  1
		 71  130   831.21  4598.76256   4598.7627   4.0  1  1
		 71  130  1338.04  4609.56614   4609.5673   4.0  1  1
		 71  130  2733.89  4637.23028   4637.2328   4.0  1  1
		 72  131  1174.94  4570.97297   4570.9722   4.0  1  1
		 72  131  1579.69  4579.34989   4579.3495   4.0  1  1
		 72  131  2107.92  4589.89711   4589.8978   4.0  1  1
		 72  131  2393.54  4595.42038   4595.4206   4.0  1  1
		 72  131  2569.64  4598.76319   4598.7627   4.0  1  1
		 72  131  3156.82  4609.56752   4609.5673   4.0  1  1
		 73  132  1399.81  4540.99593    4540.999   4.0  1  1
		 73  132  1599.10  4545.05223   4545.0519   4.0  1  1
		 73  132  2143.20  4555.81349   4555.8127   4.0  1  1
		 73  132  3423.25  4579.34983   4579.3495   4.0  1  1
		 74  133   751.83   4493.3351   4493.3337   4.0  1  1
		 74  133  1208.47  4502.93044   4502.9268   4.0  1  1
		 74  133  1591.76  4510.73382   4510.7332   4.0  1  1
		 74  133  1812.10   4515.1171   4515.1182   4.0  1  1
		 74  133  2023.71  4519.25647   4519.2592   4.0  1  1
		 74  133  2124.18  4521.19791   4521.1939   4.0  1  1
		 74  133  2620.02  4530.55448   4530.5523   4.0  1  1
		 74  133  3430.45  4545.05181   4545.0519   4.0  1  1
		 75  134  1476.06  4474.75895   4474.7594   4.0  1  1
		 75  134  1831.88  4481.81229   4481.8107   4.0  1  1
		 75  134  2094.55  4486.89516   4486.8973   4.0  1  1
		 75  134  2309.73  4490.98113   4490.9816   4.0  1  1
		 75  134  2435.15   4493.3305   4493.3337   4.0  1  1
		 75  134  3406.47  4510.73048   4510.7332   4.0  1  1
		 76  135   715.90  4426.00541   4426.0011   4.0  1  1
		 76  135   915.44  4430.18884    4430.189   4.0  1  1
		 76  135  1092.10  4433.84116    4433.838   4.0  1  1
		 76  135  1368.53  4439.46014   4439.4614   4.0  1  1
		 76  135  1692.59  4445.89839   4445.9012   4.0  1  1
		 76  135  1845.49  4448.88084   4448.8792   4.0  1  1
		 76  135  2036.98  4452.56598   4452.5655   4.0  1  1
		 76  135  2324.72  4457.99968   4458.0015   4.0  1  1
		 76  135  3257.00  4474.75858   4474.7594   4.0  1  1
		 77  136  1079.67  4400.98564   4400.9863   4.0  1  1
		 77  136  1174.96  4402.92366   4402.9271   4.0  1  1
		 77  136  1472.22  4408.88068   4408.8828   4.0  1  1
		 77  136  1758.38  4414.48893   4414.4863   4.0  1  1
		 77  136  2366.64  4426.00101   4426.0011   4.0  1  1
		 77  136  2595.44  4430.18882    4430.189   4.0  1  1
		 77  136  2640.11  4430.99742   4430.9963   4.0  1  1
		 78  137  1029.13  4367.83501   4367.8316   4.0  1  1
		 78  137  1173.29  4370.75206   4370.7532   4.0  1  1
		 78  137  1434.30  4375.95352   4375.9542   4.0  1  1
		 78  137  1904.11  4385.05789   4385.0566   4.0  1  1
		 78  137  2226.05  4391.10659   4391.1105   4.0  1  1
		 78  137  2770.50   4400.9874   4400.9863   4.0  1  1
		 79  138   900.03  4333.56249   4333.5612   4.0  1  1
		 79  138   987.23  4335.33546   4335.3379   4.0  1  1
		 79  138  1630.67  4348.06386    4348.064   4.0  1  1
		 79  138  1847.04  4352.20479   4352.2049   4.0  1  1
		 79  138  2377.50  4362.06432   4362.0662   4.0  1  1
		 79  138  2864.44   4370.7522   4370.7532   4.0  1  1
		 80  139   787.89  4300.10346   4300.1008   4.0  1  1
		 80  139  1806.19  4320.12608   4320.1264   4.0  1  1
		 80  139  2405.84  4331.19943   4331.1995   4.0  1  1
		 80  139  2537.45  4333.55963   4333.5612   4.0  1  1
		 80  139  3379.20  4348.06426    4348.064   4.0  1  1
		 81  140   925.69  4272.16743   4272.1689   4.0  1  1
		 81  140  1195.31  4277.52684   4277.5282   4.0  1  1
		 81  140  1426.88  4282.04362   4282.0413   4.0  1  1
		 81  140  2396.50  4300.10054   4300.1008   4.0  1  1
		 82  141  1356.10  4250.31303   4250.3146   4.0  1  1
		 82  141  1733.62  4257.49676   4257.4963   4.0  1  1
		 82  141  1833.47  4259.36198   4259.3619   4.0  1  1
		 82  141  2211.04  4266.28404   4266.2864   4.0  1  1
		 82  141  2224.33  4266.52396   4266.5271   4.0  1  1
		 82  141  2541.28  4272.16996   4272.1689   4.0  1  1
		 82  141  2849.83  4277.52825   4277.5282   4.0  1  1
		 83  142   871.77   4210.9235   4210.9232   4.0  1  1
		 83  142  1069.51   4214.8268   4214.8285   4.0  1  1
		 83  142  1474.13   4222.6352   4222.6373   4.0  1  1
		 83  142  1767.98  4228.15622    4228.158   4.0  1  1
		 83  142  2167.40  4235.46048   4235.4636   4.0  1  1
		 83  142  2265.38   4237.2172   4237.2198   4.0  1  1
		 84  143   892.36  4181.88108   4181.8836   4.0  1  1
		 84  143  1347.74  4190.71059   4190.7129   4.0  1  1
		 84  143  1571.14  4194.93183   4194.9318   4.0  1  1
		 84  143  1753.12  4198.31712    4198.317   4.0  1  1
		 84  143  1881.41  4200.67488   4200.6745   4.0  1  1
		 84  143  2454.51   4210.9208   4210.9232   4.0  1  1
		 85  144  1188.99  4158.58591   4158.5905   4.0  1  1
		 85  144  1484.22  4164.17935   4164.1795   4.0  1  1
		 85  144  1827.97  4170.53425   4170.5333   4.0  1  1
		 85  144  2466.01  4181.88348   4181.8836   4.0  1  1
		 86  145  1284.69  4131.72076   4131.7235   4.0  1  1
		 86  145  1879.09  4142.69929    4142.701   4.0  1  1
		 86  145  2792.12  4158.59042   4158.5905   4.0  1  1
		 87  146  1121.42  4100.33815   4100.3414   4.0  1  1
		 87  146  1553.94  4108.42423   4108.4198   4.0  1  1
		 87  146  2012.81  4116.71277   4116.7137   4.0  1  1
		 87  146  2889.07  4131.72234   4131.7235   4.0  1  1
		 88  147  1097.98  4072.00124   4071.9967   4.0  1  1
		 88  147  1344.92  4076.62843   4076.6284   4.0  1  1
		 88  147  1889.26  4086.52367   4086.5205   4.0  1  1
		 88  147  2360.03  4094.74723    4094.747   4.0  1  1
		 88  147  2690.75  4100.34065   4100.3414   4.0  1  1
		 89  148  1013.50  4042.89466   4042.8937   4.0  1  1
		 89  148  1094.13  4044.41483   4044.4179   4.0  1  1
		 89  148  1554.52  4052.91904   4052.9208   4.0  1  1
		 89  148  1908.55  4059.25624   4059.2529   4.0  1  1
		 89  148  2145.65  4063.40294   4063.4071   4.0  1  1
		 90  149  1193.83  4019.12555   4019.1289   4.0  1  1
		 90  149  1841.89  4030.84416   4030.8424   4.0  1  1
		 90  149  2140.28  4036.04378   4036.0479   4.0  1  1
		 90  149  2544.64  4042.89497   4042.8937   4.0  1  1
		 90  149  2636.50  4044.42027   4044.4179   4.0  1  1
		 90  149  3161.80  4052.92366   4052.9208   4.0  1  1
		 91  150  2085.85  4008.20789   4008.2102   4.0  1  1
		 91  150  2338.02  4012.49787   4012.4952   4.0  1  1
		 91  150  2738.15  4019.12774   4019.1289   4.0  1  1
		 92  151  1951.39  3979.35949   3979.3559   4.0  1  1
		 93  152  1708.63  3948.98002   3948.9789   4.0  1  1
		 93  152  1789.92  3950.39633   3950.3951   4.0  1  1
		 93  152  2808.82  3967.39213   3967.3921   4.0  1  1
		 96  155  1475.92  3868.52672   3868.5284   4.0  1  1
		 96  155  1782.80  3873.82422   3873.8224   4.0  1  1
		 97  156  1245.75    3839.698   3839.6953   4.0  1  1
		 97  156  1877.03  3850.58617   3850.5813   4.0  1  1
	offset	59
	niterate 0
	lowreject 3.
	highreject 3.
	coefficients	24
		1.
		4.
		4.
		1.
		1.
		4096.
		60.
		156.
		600904.7625592611
		5256.783179453502
		-211.0337293742838
		1.58812907603156
		15.73928726362886
		45.59057903433155
		-4.241641759504574
		0.1538643391806344
		1.923186502087764
		3.743855668465403
		-0.9008925776377768
		0.1049889685523085
		-0.168444420424022
		1.282831097949065
		-0.07053161123320673
		-0.03355582926526149

# Fri 09:44:56 05-Mar-2021
begin	ecidentify 20210207014_sum
	id	20210207014_sum
	task	ecidentify
	image	20210207014_sum
	units	angstroms
	features	450
		  4   63   499.89  9474.87577   9474.8793   4.0  1  1
		  4   63  1000.92  9497.19354   9497.1891   4.0  1  1
		  6   65   759.52  9194.63639   9194.6385   4.0  1  1
		  6   65   977.28  9203.96059   9203.9617   4.0  1  1
		  6   65  2530.33  9266.20811    9266.207   4.0  1  1
		  6   65  2800.11   9276.2723   9276.2732   4.0  1  1
		  6   65  3220.88  9291.53388   9291.5313   4.0  1  1
		  9   68  1006.76  8799.08795   8799.0875   4.0  1  1
		 10   69  1179.28  8678.41054   8678.4083   4.0  1  1
		 10   69  3075.82   8748.0299   8748.0309   4.0  1  1
		 10   69  3380.06  8758.24555   8758.2434   4.0  1  1
		 10   69  3484.28  8761.68572   8761.6862   4.0  1  1
		 11   70   807.89  8539.78832    8539.793   4.0  1  1
		 11   70  2570.68  8605.77694   8605.7762   4.0  1  1
		 11   70  2998.30  8620.45954   8620.4602   4.0  1  1
		 12   71   737.50  8416.72417   8416.7269   4.0  1  1
		 12   71   851.58  8421.22434   8421.2254   4.0  1  1
		 13   72  1286.94  8320.85979   8320.8554   4.0  1  1
		 13   72  1545.12  8330.45386   8330.4494   4.0  1  1
		 13   72  3111.74  8384.72386    8384.724   4.0  1  1
		 14   73    69.02  8159.73148   8159.7277   4.0  1  1
		 14   73   758.07  8186.91216   8186.9113   4.0  1  1
		 14   73  3292.51   8275.6268   8275.6266   4.0  1  1
		 15   74   165.97  8053.30952   8053.3085   4.0  1  1
		 15   74  1222.88  8093.62459   8093.6238   4.0  1  1
		 15   74  2646.99  8143.13909    8143.138   4.0  1  1
		 16   75   865.47  7972.59457    7972.596   4.0  1  1
		 16   75  1038.11  7978.97219   7978.9731   4.0  1  1
		 16   75  2581.13  8032.42885   8032.4313   4.0  1  1
		 16   75  3008.26  8046.11596   8046.1169   4.0  1  1
		 17   76  1518.45  7891.07949    7891.075   4.0  1  1
		 18   77  1528.27   7788.9372   7788.9342   4.0  1  1
		 18   77  2392.55  7817.77058   7817.7669   4.0  1  1
		 19   78   355.79   7647.3801   7647.3794   4.0  1  1
		 20   79   321.46   7549.3129   7549.3138   4.0  1  1
		 20   79  2344.30  7618.34239   7618.3443   4.0  1  1
		 21   80   776.01  7471.16231   7471.1641   4.0  1  1
		 21   80  1069.43  7481.35384   7481.3545   4.0  1  1
		 21   80  1156.24  7484.32726   7484.3267   4.0  1  1
		 21   80  1943.02   7510.4101   7510.4082   4.0  1  1
		 21   80  3214.57  7549.31597   7549.3138   4.0  1  1
		 22   81    55.88  7353.29372    7353.293   4.0  1  1
		 22   81  1187.51  7392.98035   7392.9801   4.0  1  1
		 22   81  2184.42  7425.29084   7425.2942   4.0  1  1
		 22   81  2511.86  7435.37006   7435.3683   4.0  1  1
		 23   82   658.78  7284.89934   7284.9033   4.0  1  1
		 23   82  1457.75  7311.71462   7311.7159   4.0  1  1
		 23   82  1590.15  7316.00638    7316.005   4.0  1  1
		 23   82  2717.12  7350.81114    7350.814   4.0  1  1
		 23   82  3461.06  7372.11745   7372.1184   4.0  1  1
		 24   83   950.44  7206.97916   7206.9804   4.0  1  1
		 24   83  1122.40  7212.69085   7212.6896   4.0  1  1
		 24   83  2817.54  7265.17147   7265.1724   4.0  1  1
		 24   83  3519.40  7284.90236   7284.9033   4.0  1  1
		 25   84   541.75  7107.47697   7107.4778   4.0  1  1
		 25   84  1053.21  7124.56196   7124.5607   4.0  1  1
		 26   85   385.46  7018.56981   7018.5675   4.0  1  1
		 26   85   733.15  7030.24855   7030.2514   4.0  1  1
		 26   85  1946.30  7068.73543   7068.7358   4.0  1  1
		 26   85  2466.28  7084.16954    7084.169   4.0  1  1
		 26   85  3295.14  7107.47675   7107.4778   4.0  1  1
		 27   86   406.59  6937.66358   6937.6642   4.0  1  1
		 27   86   584.89  6943.61109   6943.6105   4.0  1  1
		 27   86  1096.32  6960.25079     6960.25   4.0  1  1
		 27   86  2050.63  6989.65525   6989.6553   4.0  1  1
		 27   86  2431.58  7000.80221   7000.8036   4.0  1  1
		 27   86  3063.81   7018.5673   7018.5675   4.0  1  1
		 27   86  3498.33  7030.25085   7030.2514   4.0  1  1
		 28   87   507.96  6861.26813   6861.2688   4.0  1  1
		 28   87   815.62  6871.29363   6871.2891   4.0  1  1
		 28   87  1349.74  6888.17238   6888.1742   4.0  1  1
		 28   87  2115.70  6911.22384   6911.2264   4.0  1  1
		 28   87  3054.99  6937.66315   6937.6642   4.0  1  1
		 28   87  3276.53  6943.60936   6943.6105   4.0  1  1
		 29   88   355.85  6778.31256   6778.3123   4.0  1  1
		 29   88   753.88  6791.23663   6791.2351   4.0  1  1
		 29   88  1989.77   6829.0354   6829.0355   4.0  1  1
		 29   88  2193.30   6834.9258   6834.9246   4.0  1  1
		 29   88  3146.24  6861.26862   6861.2688   4.0  1  1
		 29   88  3529.32  6871.28965   6871.2891   4.0  1  1
		 30   89  1155.56  6727.45775   6727.4583   4.0  1  1
		 30   89  2495.45  6766.61058   6766.6117   4.0  1  1
		 30   89  2924.90  6778.31169   6778.3123   4.0  1  1
		 31   90   687.06  6638.21836   6638.2207   4.0  1  1
		 31   90   862.28  6643.69553   6643.6976   4.0  1  1
		 31   90  1353.30  6658.67434   6658.6774   4.0  1  1
		 31   90  1473.78  6662.26704   6662.2686   4.0  1  1
		 31   90  1612.34  6666.35837   6666.3588   4.0  1  1
		 31   90  1989.52  6677.27839   6677.2817   4.0  1  1
		 31   90  2237.77  6684.29377   6684.2929   4.0  1  1
		 32   91  1076.42  6577.21392   6577.2146   4.0  1  1
		 32   91  1299.46  6583.90445    6583.906   4.0  1  1
		 32   91  1456.18  6588.53929   6588.5396   4.0  1  1
		 32   91  1556.72  6591.48385   6591.4845   4.0  1  1
		 32   91  1641.14  6593.93928   6593.9391   4.0  1  1
		 32   91  2570.83  6619.94308   6619.9458   4.0  1  1
		 33   92   584.59  6490.73792   6490.7372   4.0  1  1
		 33   92  1300.22  6512.36299   6512.3639   4.0  1  1
		 33   92  1961.45   6531.3424   6531.3418   4.0  1  1
		 33   92  2804.14  6554.15638   6554.1603   4.0  1  1
		 34   93   292.97  6411.89957   6411.8991   4.0  1  1
		 34   93   434.44  6416.30964   6416.3071   4.0  1  1
		 34   93  1823.74  6457.28334   6457.2824   4.0  1  1
		 35   94   266.48  6342.86134   6342.8595   4.0  1  1
		 35   94   456.93  6348.73678   6348.7375   4.0  1  1
		 35   94  1235.95  6371.94674   6371.9436   4.0  1  1
		 35   94  1409.18  6376.92916   6376.9305   4.0  1  1
		 35   94  1684.57   6384.7176   6384.7169   4.0  1  1
		 35   94  1780.66  6387.39671   6387.3957   4.0  1  1
		 35   94  2694.44  6411.89671   6411.8991   4.0  1  1
		 35   94  2760.99  6413.61236   6413.6145   4.0  1  1
		 35   94  2866.21  6416.30588   6416.3071   4.0  1  1
		 36   95   959.50  6296.87192   6296.8722   4.0  1  1
		 36   95  1333.47  6307.65739    6307.657   4.0  1  1
		 36   95  1622.07  6315.77707    6315.775   4.0  1  1
		 36   95  2041.97  6327.27575   6327.2778   4.0  1  1
		 36   95  2633.99  6342.85911   6342.8595   4.0  1  1
		 36   95  2761.50   6346.1199   6346.1209   4.0  1  1
		 37   96   152.40  6207.22424   6207.2201   4.0  1  1
		 37   96   728.10  6224.52442   6224.5272   4.0  1  1
		 37   96  1083.65  6234.85524   6234.8554   4.0  1  1
		 37   96  1375.04  6243.12177   6243.1201   4.0  1  1
		 37   96  1894.93  6257.42684   6257.4237   4.0  1  1
		 37   96  2529.30  6274.11911   6274.1166   4.0  1  1
		 37   96  3450.05    6296.875   6296.8722   4.0  1  1
		 38   97   444.18  6151.99431   6151.9929   4.0  1  1
		 38   97   870.45  6164.47787   6164.4796   4.0  1  1
		 38   97  1056.99  6169.82015   6169.8221   4.0  1  1
		 38   97  1143.62  6172.27648   6172.2778   4.0  1  1
		 38   97  1514.88  6182.62457   6182.6217   4.0  1  1
		 38   97  1716.50  6188.12387   6188.1251   4.0  1  1
		 38   97  1856.94  6191.90461   6191.9053   4.0  1  1
		 38   97  2297.07  6203.49031   6203.4925   4.0  1  1
		 38   97  2442.03  6207.21897   6207.2201   4.0  1  1
		 38   97  3138.11  6224.52805   6224.5272   4.0  1  1
		 39   98  1013.53  6105.63671   6105.6351   4.0  1  1
		 39   98  1346.38  6114.92395   6114.9234   4.0  1  1
		 39   98  1697.87  6124.48265   6124.4805   4.0  1  1
		 39   98  2236.97  6138.65124   6138.6465   4.0  1  1
		 39   98  2503.61  6145.44042   6145.4411   4.0  1  1
		 39   98  2766.40  6151.99123   6151.9929   4.0  1  1
		 39   98  3283.57  6164.47845   6164.4796   4.0  1  1
		 39   98  3511.90  6169.82212   6169.8221   4.0  1  1
		 40   99   596.77  6032.12799   6032.1274   4.0  1  1
		 40   99   791.22  6037.69438   6037.6975   4.0  1  1
		 40   99   987.12  6043.22341   6043.2233   4.0  1  1
		 40   99  1196.66  6049.04986    6049.051   4.0  1  1
		 40   99  1576.26   6059.3757   6059.3725   4.0  1  1
		 40   99  1940.97  6069.01977   6069.0207   4.0  1  1
		 40   99  2691.85  6088.03042   6088.0305   4.0  1  1
		 40   99  3138.42  6098.80274   6098.8031   4.0  1  1
		 40   99  3839.64  6114.92502   6114.9234   4.0  1  1
		 41  100   662.11  5973.66454   5973.6649   4.0  1  1
		 41  100  1214.41  5989.04426   5989.0447   4.0  1  1
		 41  100  1402.05  5994.12786   5994.1287   4.0  1  1
		 41  100  1892.24  6007.07255   6007.0722   4.0  1  1
		 41  100  2011.97  6010.16104   6010.1606   4.0  1  1
		 41  100  2442.65  6021.03344   6021.0357   4.0  1  1
		 41  100  2897.95  6032.12772   6032.1274   4.0  1  1
		 41  100  3133.00   6037.6955   6037.6975   4.0  1  1
		 41  100  3627.28  6049.05193    6049.051   4.0  1  1
		 42  101   575.98  5912.08614   5912.0853   4.0  1  1
		 42  101  1179.88  5928.81299    5928.813   4.0  1  1
		 42  101  1554.78  5938.82668   5938.8252   4.0  1  1
		 42  101  1777.66  5944.64651   5944.6472   4.0  1  1
		 42  101  3010.57  5975.06557   5975.0648   4.0  1  1
		 42  101  3621.59   5989.0428   5989.0447   4.0  1  1
		 42  101  3852.28  5994.13328   5994.1287   4.0  1  1
		 43  102   798.43  5860.30912   5860.3103   4.0  1  1
		 43  102  1198.44  5871.18487   5871.1828   4.0  1  1
		 43  102  1632.48  5882.62503   5882.6242   4.0  1  1
		 43  102  1751.63  5885.70012   5885.7016   4.0  1  1
		 43  102  2822.37  5912.08607   5912.0853   4.0  1  1
		 44  103   704.15  5800.82605   5800.8297   4.0  1  1
		 44  103   825.04  5804.13775   5804.1412   4.0  1  1
		 44  103  1245.31  5815.42497   5815.4219   4.0  1  1
		 44  103  2736.44  5852.67815   5852.6806   4.0  1  1
		 44  103  3065.00  5860.30935   5860.3103   4.0  1  1
		 45  104  1000.13  5753.02739   5753.0265   4.0  1  1
		 45  104  1285.12  5760.54904   5760.5508   4.0  1  1
		 45  104  1399.75  5763.52943    5763.529   4.0  1  1
		 45  104  2449.62  5789.64255   5789.6451   4.0  1  1
		 45  104  2927.49  5800.82896   5800.8297   4.0  1  1
		 45  104  3072.65  5804.14137   5804.1412   4.0  1  1
		 46  105  1340.00  5707.10403   5707.1033   4.0  1  1
		 46  105  1857.70  5720.18296   5720.1828   4.0  1  1
		 46  105  2069.69  5725.39016   5725.3885   4.0  1  1
		 46  105  2663.48  5739.52106   5739.5196   4.0  1  1
		 46  105  3259.17  5753.02967   5753.0265   4.0  1  1
		 46  105  3604.14  5760.55042   5760.5508   4.0  1  1
		 47  106   820.45  5639.74358   5639.7461   4.0  1  1
		 47  106  1240.07   5650.7041   5650.7043   4.0  1  1
		 47  106  1523.93  5657.92654   5657.9255   4.0  1  1
		 47  106  1894.82  5667.13169   5667.1281   4.0  1  1
		 48  107   531.51  5579.35978   5579.3583   4.0  1  1
		 48  107   820.06  5587.02404   5587.0263   4.0  1  1
		 48  107  1129.40  5595.06265   5595.0635   4.0  1  1
		 48  107  1386.45  5601.60368   5601.6032   4.0  1  1
		 48  107  1591.65  5606.73531    5606.733   4.0  1  1
		 48  107  1942.27  5615.31916   5615.3195   4.0  1  1
		 48  107  2996.56  5639.74717   5639.7461   4.0  1  1
		 49  108   973.29  5539.25947   5539.2618   4.0  1  1
		 49  108  1114.83  5542.88547     5542.89   4.0  1  1
		 49  108  1323.97  5548.17433   5548.1758   4.0  1  1
		 49  108  1750.47  5558.70437    5558.702   4.0  1  1
		 49  108  2368.16  5573.35342   5573.3535   4.0  1  1
		 49  108  2630.28  5579.35676   5579.3583   4.0  1  1
		 49  108  2973.48  5587.02645   5587.0263   4.0  1  1
		 49  108  3343.73  5595.06023   5595.0635   4.0  1  1
		 50  109  1138.84  5492.63923   5492.6435   4.0  1  1
		 50  109  1267.85  5495.87599   5495.8738   4.0  1  1
		 50  109  1403.91  5499.25625   5499.2554   4.0  1  1
		 50  109  1609.73  5504.30366   5504.3018   4.0  1  1
		 50  109  1845.74  5509.99473   5509.9938   4.0  1  1
		 50  109  2051.53  5514.87305   5514.8731   4.0  1  1
		 50  109  3134.21  5539.26284   5539.2618   4.0  1  1
		 52  111   856.51  5386.60714   5386.6107   4.0  1  1
		 52  111  1182.79   5394.7596   5394.7608   4.0  1  1
		 52  111  1715.69   5407.6537   5407.6535   4.0  1  1
		 52  111  2137.19  5417.48598   5417.4858   4.0  1  1
		 52  111  2424.77  5424.00981   5424.0079   4.0  1  1
		 52  111  2745.50  5431.11095    5431.112   4.0  1  1
		 53  112  1060.25  5343.58019   5343.5812   4.0  1  1
		 53  112  1239.07  5347.96673   5347.9714   4.0  1  1
		 53  112  1748.89  5360.15301   5360.1501   4.0  1  1
		 53  112  2390.24   5374.8179   5374.8219   4.0  1  1
		 53  112  2584.37    5379.112   5379.1105   4.0  1  1
		 53  112  2930.81  5386.60915   5386.6107   4.0  1  1
		 54  113  1141.71  5298.27972   5298.2824   4.0  1  1
		 54  113  1718.03  5312.00274   5312.0018   4.0  1  1
		 54  113  1956.10  5317.49761   5317.4944   4.0  1  1
		 54  113  2377.43  5326.97505   5326.9756   4.0  1  1
		 54  113  3151.88  5343.58001   5343.5812   4.0  1  1
		 55  114   970.74  5247.65332   5247.6547   4.0  1  1
		 55  114  1416.24  5258.35852   5258.3602   4.0  1  1
		 55  114  1490.24   5260.1023   5260.1041   4.0  1  1
		 55  114  1774.54  5266.71112   5266.7103   4.0  1  1
		 55  114  2100.98  5274.12261   5274.1188   4.0  1  1
		 55  114  2414.56  5281.06546   5281.0687   4.0  1  1
		 56  115   716.78  5195.81152   5195.8136   4.0  1  1
		 56  115   853.43  5199.16691   5199.1637   4.0  1  1
		 56  115  1356.40  5211.22997   5211.2305   4.0  1  1
		 56  115  1695.62  5219.11192   5219.1099   4.0  1  1
		 56  115  2231.86  5231.15872   5231.1597   4.0  1  1
		 56  115  3005.36  5247.65482   5247.6547   4.0  1  1
		 56  115  3535.09   5258.3598   5258.3602   4.0  1  1
		 57  116   849.02  5154.23835    5154.243   4.0  1  1
		 57  116  1030.34  5158.60343   5158.6041   4.0  1  1
		 57  116  1234.86  5163.45712   5163.4584   4.0  1  1
		 57  116  1821.21  5176.96455    5176.961   4.0  1  1
		 57  116  2309.12  5187.74699   5187.7462   4.0  1  1
		 57  116  2686.96  5195.81493   5195.8136   4.0  1  1
		 57  116  2847.46   5199.1678   5199.1637   4.0  1  1
		 58  117  1052.76  5115.04366   5115.0448   4.0  1  1
		 58  117  1633.34  5128.49347   5128.4897   4.0  1  1
		 58  117  1912.23  5134.74579    5134.746   4.0  1  1
		 58  117  2233.54  5141.78264   5141.7827   4.0  1  1
		 58  117  2397.82  5145.31216   5145.3083   4.0  1  1
		 58  117  2696.40  5151.60919    5151.612   4.0  1  1
		 58  117  2823.41  5154.24178    5154.243   4.0  1  1
		 58  117  3036.86  5158.60476   5158.6041   4.0  1  1
		 58  117  3219.87   5162.2845   5162.2846   4.0  1  1
		 59  118   647.70   5062.0422   5062.0371   4.0  1  1
		 59  118   895.02  5067.97057   5067.9737   4.0  1  1
		 59  118  2153.28  5096.48633   5096.4848   4.0  1  1
		 59  118  3044.34  5115.04551   5115.0448   4.0  1  1
		 60  119  1496.22  5039.23273   5039.2303   4.0  1  1
		 60  119  1742.24  5044.72177   5044.7195   4.0  1  1
		 60  119  1974.05  5049.79964    5049.796   4.0  1  1
		 60  119  2550.82  5062.03906   5062.0371   4.0  1  1
		 60  119  2840.35  5067.97267   5067.9737   4.0  1  1
		 61  120   975.20  4985.37039   4985.3725   4.0  1  1
		 61  120  1145.96  4989.31193   4989.3086   4.0  1  1
		 61  120  1715.46  5002.09767   5002.0972   4.0  1  1
		 61  120  2049.19  5009.33464   5009.3344   4.0  1  1
		 61  120  2420.56  5017.16806   5017.1628   4.0  1  1
		 61  120  2548.12  5019.80569   5019.8062   4.0  1  1
		 61  120  2985.90  5028.65245   5028.6556   4.0  1  1
		 62  121   780.21  4939.64286   4939.6422   4.0  1  1
		 62  121  1031.24  4945.45685   4945.4587   4.0  1  1
		 62  121  1915.28  4965.08118   4965.0795   4.0  1  1
		 62  121  2249.46  4972.15779   4972.1597   4.0  1  1
		 62  121  2898.49  4985.37347   4985.3725   4.0  1  1
		 63  122   600.55  4894.95868   4894.9551   4.0  1  1
		 63  122  1023.86  4904.75186   4904.7516   4.0  1  1
		 63  122  1369.70  4912.52784   4912.5293   4.0  1  1
		 63  122  1702.37  4919.81824   4919.8157   4.0  1  1
		 63  122  2336.71  4933.20967   4933.2091   4.0  1  1
		 63  122  2653.30  4939.64512   4939.6422   4.0  1  1
		 63  122  2946.51  4945.45946   4945.4587   4.0  1  1
		 64  123  1050.49  4865.47656   4865.4775   4.0  1  1
		 64  123  1384.66  4872.91905   4872.9169   4.0  1  1
		 64  123  1651.74  4878.73351    4878.733   4.0  1  1
		 64  123  1704.50  4879.86811   4879.8635   4.0  1  1
		 64  123  2139.17  4889.04106   4889.0422   4.0  1  1
		 64  123  2427.53  4894.95555   4894.9551   4.0  1  1
		 65  124   899.94  4822.85129   4822.8548   4.0  1  1
		 65  124  1071.25   4826.7026   4826.7004   4.0  1  1
		 65  124  1270.44  4831.11941   4831.1213   4.0  1  1
		 65  124  2051.70  4847.81102   4847.8095   4.0  1  1
		 65  124  2078.34  4848.36258   4848.3625   4.0  1  1
		 65  124  2934.57  4865.47794   4865.4775   4.0  1  1
		 65  124  3704.37  4879.86542   4879.8635   4.0  1  1
		 66  125   636.53   4778.2967    4778.294   4.0  1  1
		 66  125  1129.83  4789.38435   4789.3868   4.0  1  1
		 66  125  1906.11  4806.02164   4806.0205   4.0  1  1
		 66  125  2008.05  4808.13339   4808.1337   4.0  1  1
		 66  125  2742.52   4822.8543   4822.8548   4.0  1  1
		 67  126  1844.24  4766.60209   4766.6006   4.0  1  1
		 67  126  2420.91  4778.29387    4778.294   4.0  1  1
		 67  126  2993.78  4789.38459   4789.3868   4.0  1  1
		 68  127   678.68  4703.99136   4703.9898   4.0  1  1
		 68  127  1573.31  4723.43882   4723.4382   4.0  1  1
		 68  127  1737.65  4726.87049   4726.8683   4.0  1  1
		 68  127  1989.96  4732.05458   4732.0532   4.0  1  1
		 68  127  2180.64  4735.90518   4735.9058   4.0  1  1
		 68  127  2862.12  4749.19656   4749.2002   4.0  1  1
		 68  127  3033.08  4752.41642   4752.4141   4.0  1  1
		 69  128   969.76  4673.66056   4673.6609   4.0  1  1
		 69  128  1080.12  4676.05936   4676.0555   4.0  1  1
		 69  128  1556.87  4686.19591   4686.1946   4.0  1  1
		 69  128  1770.74  4690.62504   4690.6219   4.0  1  1
		 69  128  1987.26  4695.03477   4695.0381   4.0  1  1
		 69  128  2353.03  4702.31585   4702.3161   4.0  1  1
		 69  128  2438.74  4703.99136   4703.9898   4.0  1  1
		 69  128  3480.19  4723.43909   4723.4382   4.0  1  1
		 70  129   960.66  4637.23272   4637.2328   4.0  1  1
		 70  129  1950.37  4657.90255   4657.9012   4.0  1  1
		 70  129  2759.81  4673.66015   4673.6609   4.0  1  1
		 71  130   831.21  4598.76257   4598.7627   4.0  1  1
		 71  130  1338.06  4609.56657   4609.5673   4.0  1  1
		 71  130  2733.85   4637.2295   4637.2328   4.0  1  1
		 72  131  1174.94  4570.97291   4570.9722   4.0  1  1
		 72  131  1579.69   4579.3499   4579.3495   4.0  1  1
		 72  131  2107.92  4589.89711   4589.8978   4.0  1  1
		 72  131  2393.54  4595.42037   4595.4206   4.0  1  1
		 72  131  2569.65  4598.76317   4598.7627   4.0  1  1
		 72  131  3156.82  4609.56742   4609.5673   4.0  1  1
		 73  132  1399.81  4540.99594    4540.999   4.0  1  1
		 73  132  1599.10  4545.05224   4545.0519   4.0  1  1
		 73  132  2143.20  4555.81348   4555.8127   4.0  1  1
		 73  132  3423.25  4579.34985   4579.3495   4.0  1  1
		 74  133   751.83  4493.33523   4493.3337   4.0  1  1
		 74  133  1208.47  4502.93045   4502.9268   4.0  1  1
		 74  133  1591.72  4510.73301   4510.7332   4.0  1  1
		 74  133  1812.10  4515.11708   4515.1182   4.0  1  1
		 74  133  2023.71  4519.25647   4519.2592   4.0  1  1
		 74  133  2124.18  4521.19791   4521.1939   4.0  1  1
		 74  133  2620.02  4530.55446   4530.5523   4.0  1  1
		 74  133  3430.45  4545.05185   4545.0519   4.0  1  1
		 75  134  1476.06  4474.75899   4474.7594   4.0  1  1
		 75  134  1831.89   4481.8123   4481.8107   4.0  1  1
		 75  134  2094.55  4486.89515   4486.8973   4.0  1  1
		 75  134  2309.73  4490.98112   4490.9816   4.0  1  1
		 75  134  2435.22  4493.33183   4493.3337   4.0  1  1
		 75  134  3406.48  4510.73056   4510.7332   4.0  1  1
		 76  135   715.90  4426.00542   4426.0011   4.0  1  1
		 76  135   915.44  4430.18886    4430.189   4.0  1  1
		 76  135  1092.09  4433.84103    4433.838   4.0  1  1
		 76  135  1368.52  4439.45984   4439.4614   4.0  1  1
		 76  135  1692.59  4445.89839   4445.9012   4.0  1  1
		 76  135  1845.49  4448.88084   4448.8792   4.0  1  1
		 76  135  2036.98  4452.56598   4452.5655   4.0  1  1
		 76  135  2324.72  4457.99968   4458.0015   4.0  1  1
		 76  135  3257.01  4474.75861   4474.7594   4.0  1  1
		 77  136  1079.68  4400.98568   4400.9863   4.0  1  1
		 77  136  1174.92  4402.92293   4402.9271   4.0  1  1
		 77  136  1472.22  4408.88069   4408.8828   4.0  1  1
		 77  136  1758.38  4414.48894   4414.4863   4.0  1  1
		 77  136  2366.64    4426.001   4426.0011   4.0  1  1
		 77  136  2595.44  4430.18879    4430.189   4.0  1  1
		 77  136  2640.11  4430.99744   4430.9963   4.0  1  1
		 78  137  1029.13    4367.835   4367.8316   4.0  1  1
		 78  137  1173.29  4370.75207   4370.7532   4.0  1  1
		 78  137  1434.28   4375.9532   4375.9542   4.0  1  1
		 78  137  1904.11  4385.05792   4385.0566   4.0  1  1
		 78  137  2226.07   4391.1069   4391.1105   4.0  1  1
		 78  137  2770.50  4400.98739   4400.9863   4.0  1  1
		 79  138   900.03   4333.5625   4333.5612   4.0  1  1
		 79  138   987.22  4335.33537   4335.3379   4.0  1  1
		 79  138  1630.67  4348.06387    4348.064   4.0  1  1
		 79  138  1847.03  4352.20479   4352.2049   4.0  1  1
		 79  138  2377.50  4362.06431   4362.0662   4.0  1  1
		 79  138  2864.44  4370.75218   4370.7532   4.0  1  1
		 80  139   787.89  4300.10345   4300.1008   4.0  1  1
		 80  139  1806.19  4320.12608   4320.1264   4.0  1  1
		 80  139  2405.84  4331.19954   4331.1995   4.0  1  1
		 80  139  2537.45  4333.55961   4333.5612   4.0  1  1
		 80  139  3379.20  4348.06427    4348.064   4.0  1  1
		 81  140   925.68  4272.16729   4272.1689   4.0  1  1
		 81  140  1195.31  4277.52683   4277.5282   4.0  1  1
		 81  140  1426.88  4282.04361   4282.0413   4.0  1  1
		 81  140  2396.48  4300.10024   4300.1008   4.0  1  1
		 82  141  1356.10  4250.31303   4250.3146   4.0  1  1
		 82  141  1733.62  4257.49678   4257.4963   4.0  1  1
		 82  141  1833.48  4259.36201   4259.3619   4.0  1  1
		 82  141  2211.04  4266.28405   4266.2864   4.0  1  1
		 82  141  2224.33  4266.52395   4266.5271   4.0  1  1
		 82  141  2541.28  4272.16994   4272.1689   4.0  1  1
		 82  141  2849.83  4277.52823   4277.5282   4.0  1  1
		 83  142   871.78  4210.92351   4210.9232   4.0  1  1
		 83  142  1069.51  4214.82681   4214.8285   4.0  1  1
		 83  142  1474.13  4222.63521   4222.6373   4.0  1  1
		 83  142  1767.98  4228.15622    4228.158   4.0  1  1
		 83  142  2167.40  4235.46047   4235.4636   4.0  1  1
		 83  142  2265.38  4237.21719   4237.2198   4.0  1  1
		 84  143   892.36  4181.88107   4181.8836   4.0  1  1
		 84  143  1347.74  4190.71059   4190.7129   4.0  1  1
		 84  143  1571.14  4194.93186   4194.9318   4.0  1  1
		 84  143  1753.12  4198.31713    4198.317   4.0  1  1
		 84  143  1881.41  4200.67493   4200.6745   4.0  1  1
		 84  143  2454.51  4210.92079   4210.9232   4.0  1  1
		 85  144  1189.01  4158.58631   4158.5905   4.0  1  1
		 85  144  1484.22  4164.17934   4164.1795   4.0  1  1
		 85  144  1827.99  4170.53448   4170.5333   4.0  1  1
		 85  144  2466.01  4181.88347   4181.8836   4.0  1  1
		 86  145  1284.69  4131.72077   4131.7235   4.0  1  1
		 86  145  1879.09  4142.69931    4142.701   4.0  1  1
		 86  145  2792.11  4158.59038   4158.5905   4.0  1  1
		 87  146  1121.42  4100.33813   4100.3414   4.0  1  1
		 87  146  1553.95  4108.42429   4108.4198   4.0  1  1
		 87  146  2012.81  4116.71278   4116.7137   4.0  1  1
		 87  146  2889.07  4131.72233   4131.7235   4.0  1  1
		 88  147  1097.98  4072.00124   4071.9967   4.0  1  1
		 88  147  1344.92  4076.62845   4076.6284   4.0  1  1
		 88  147  1889.26  4086.52368   4086.5205   4.0  1  1
		 88  147  2360.03  4094.74724    4094.747   4.0  1  1
		 88  147  2690.75  4100.34063   4100.3414   4.0  1  1
		 89  148  1013.51   4042.8948   4042.8937   4.0  1  1
		 89  148  1094.13  4044.41476   4044.4179   4.0  1  1
		 89  148  1554.52  4052.91905   4052.9208   4.0  1  1
		 89  148  1908.55  4059.25625   4059.2529   4.0  1  1
		 89  148  2145.65  4063.40294   4063.4071   4.0  1  1
		 90  149  1193.84  4019.12556   4019.1289   4.0  1  1
		 90  149  1841.89  4030.84417   4030.8424   4.0  1  1
		 90  149  2140.28  4036.04378   4036.0479   4.0  1  1
		 90  149  2544.64  4042.89497   4042.8937   4.0  1  1
		 90  149  2636.50  4044.42026   4044.4179   4.0  1  1
		 90  149  3161.81  4052.92365   4052.9208   4.0  1  1
		 91  150  2085.83   4008.2076   4008.2102   4.0  1  1
		 91  150  2338.02  4012.49787   4012.4952   4.0  1  1
		 91  150  2738.15  4019.12773   4019.1289   4.0  1  1
		 92  151  1951.39  3979.35951   3979.3559   4.0  1  1
		 93  152  1708.63  3948.98005   3948.9789   4.0  1  1
		 93  152  1789.91  3950.39631   3950.3951   4.0  1  1
		 93  152  2808.82  3967.39215   3967.3921   4.0  1  1
		 96  155  1475.92  3868.52674   3868.5284   4.0  1  1
		 96  155  1782.80  3873.82425   3873.8224   4.0  1  1
		 97  156  1245.75  3839.69799   3839.6953   4.0  1  1
		 97  156  1877.03  3850.58618   3850.5813   4.0  1  1
	offset	59
	niterate 0
	lowreject 3.
	highreject 3.
	coefficients	24
		1.
		4.
		4.
		1.
		1.
		4096.
		60.
		156.
		600904.7676946932
		5256.800754398519
		-211.0221573659055
		1.59243696733578
		15.72124210291402
		45.57457144083087
		-4.272158510734772
		0.1543901355402907
		1.929218329019844
		3.771570534332876
		-0.8890840523542872
		0.112329255564053
		-0.176520818226764
		1.273461233872033
		-0.08220924180126491
		-0.03721371471348307

