# Fri 09:44:56 05-Mar-2021
begin	ecidentify 20210207023_sum
	id	20210207023_sum
	task	ecidentify
	image	20210207023_sum
	units	angstroms
	features	450
		  4   63   499.64   9474.8715   9474.8793   4.0  1  1
		  4   63  1000.87  9497.19572   9497.1891   4.0  1  1
		  6   65   759.38   9194.6359   9194.6385   4.0  1  1
		  6   65   977.13  9203.95849   9203.9617   4.0  1  1
		  6   65  2530.20  9266.20697    9266.207   4.0  1  1
		  6   65  2799.96  9276.27128   9276.2732   4.0  1  1
		  6   65  3220.70  9291.53273   9291.5313   4.0  1  1
		  9   68  1006.75  8799.09172   8799.0875   4.0  1  1
		 10   69  1179.28   8678.4146   8678.4083   4.0  1  1
		 10   69  3075.86  8748.03573   8748.0309   4.0  1  1
		 10   69  3379.82  8758.24291   8758.2434   4.0  1  1
		 10   69  3484.20  8761.68859   8761.6862   4.0  1  1
		 11   70   807.80  8539.78942    8539.793   4.0  1  1
		 11   70  2570.59  8605.77746   8605.7762   4.0  1  1
		 11   70  2998.22  8620.46134   8620.4602   4.0  1  1
		 12   71   737.41  8416.72539   8416.7269   4.0  1  1
		 12   71   851.46  8421.22414   8421.2254   4.0  1  1
		 13   72  1286.82  8320.85914   8320.8554   4.0  1  1
		 13   72  1545.01  8330.45317   8330.4494   4.0  1  1
		 13   72  3111.50  8384.72057    8384.724   4.0  1  1
		 14   73    68.95  8159.73472   8159.7277   4.0  1  1
		 14   73   757.91  8186.91049   8186.9113   4.0  1  1
		 14   73  3292.44  8275.62939   8275.6266   4.0  1  1
		 15   74   165.85  8053.31044   8053.3085   4.0  1  1
		 15   74  1222.81  8093.62589   8093.6238   4.0  1  1
		 15   74  2646.85   8143.1382    8143.138   4.0  1  1
		 16   75   865.32  7972.59327    7972.596   4.0  1  1
		 16   75  1038.01  7978.97242   7978.9731   4.0  1  1
		 16   75  2581.14  8032.43274   8032.4313   4.0  1  1
		 16   75  3007.99  8046.11171   8046.1169   4.0  1  1
		 17   76  1518.34  7891.07925    7891.075   4.0  1  1
		 18   77  1528.15  7788.93675   7788.9342   4.0  1  1
		 18   77  2392.44  7817.77044   7817.7669   4.0  1  1
		 19   78   355.67   7647.3801   7647.3794   4.0  1  1
		 20   79   321.34  7549.31304   7549.3138   4.0  1  1
		 20   79  2344.28  7618.34521   7618.3443   4.0  1  1
		 21   80   775.92  7471.16355   7471.1641   4.0  1  1
		 21   80  1069.27  7481.35235   7481.3545   4.0  1  1
		 21   80  1156.12  7484.32719   7484.3267   4.0  1  1
		 21   80  1942.87  7510.40868   7510.4082   4.0  1  1
		 21   80  3214.12   7549.3069   7549.3138   4.0  1  1
		 22   81    55.79  7353.29435    7353.293   4.0  1  1
		 22   81  1187.36  7392.97942   7392.9801   4.0  1  1
		 22   81  2184.36  7425.29238   7425.2942   4.0  1  1
		 22   81  2511.69  7435.36825   7435.3683   4.0  1  1
		 23   82   658.69  7284.90023   7284.9033   4.0  1  1
		 23   82  1457.61  7311.71394   7311.7159   4.0  1  1
		 23   82  1590.05  7316.00681    7316.005   4.0  1  1
		 23   82  2717.08  7350.81358    7350.814   4.0  1  1
		 23   82  3460.94  7372.11852   7372.1184   4.0  1  1
		 24   83   950.35  7206.98012   7206.9804   4.0  1  1
		 24   83  1122.23  7212.68922   7212.6896   4.0  1  1
		 24   83  2817.28  7265.16757   7265.1724   4.0  1  1
		 24   83  3519.25  7284.90278   7284.9033   4.0  1  1
		 25   84   541.61  7107.47621   7107.4778   4.0  1  1
		 25   84  1053.07  7124.56134   7124.5607   4.0  1  1
		 26   85   385.25  7018.56637   7018.5675   4.0  1  1
		 26   85   733.05  7030.24909   7030.2514   4.0  1  1
		 26   85  1946.21  7068.73609   7068.7358   4.0  1  1
		 26   85  2466.06  7084.16629    7084.169   4.0  1  1
		 26   85  3295.05  7107.47804   7107.4778   4.0  1  1
		 27   86   406.52  6937.66473   6937.6642   4.0  1  1
		 27   86   584.73  6943.60954   6943.6105   4.0  1  1
		 27   86  1096.17  6960.24985     6960.25   4.0  1  1
		 27   86  2050.53   6989.6556   6989.6553   4.0  1  1
		 27   86  2431.41  7000.80062   7000.8036   4.0  1  1
		 27   86  3063.66  7018.56666   7018.5675   4.0  1  1
		 27   86  3498.24  7030.25232   7030.2514   4.0  1  1
		 28   87   507.82  6861.26687   6861.2688   4.0  1  1
		 28   87   815.47  6871.29245   6871.2891   4.0  1  1
		 28   87  1349.64  6888.17284   6888.1742   4.0  1  1
		 28   87  2115.63  6911.22512   6911.2264   4.0  1  1
		 28   87  3054.86  6937.66289   6937.6642   4.0  1  1
		 28   87  3276.37  6943.60865   6943.6105   4.0  1  1
		 29   88   355.73   6778.3118   6778.3123   4.0  1  1
		 29   88   753.53   6791.2293   6791.2351   4.0  1  1
		 29   88  1989.74  6829.03797   6829.0355   4.0  1  1
		 29   88  2193.10  6834.92343   6834.9246   4.0  1  1
		 29   88  3146.25   6861.2722   6861.2688   4.0  1  1
		 29   88  3529.17  6871.28964   6871.2891   4.0  1  1
		 30   89  1155.44  6727.45775   6727.4583   4.0  1  1
		 30   89  2495.37  6766.61157   6766.6117   4.0  1  1
		 30   89  2924.74  6778.31049   6778.3123   4.0  1  1
		 31   90   687.02  6638.22072   6638.2207   4.0  1  1
		 31   90   862.15  6643.69532   6643.6976   4.0  1  1
		 31   90  1353.27  6658.67731   6658.6774   4.0  1  1
		 31   90  1473.70   6662.2682   6662.2686   4.0  1  1
		 31   90  1612.20  6666.35777   6666.3588   4.0  1  1
		 31   90  1989.41   6677.2789   6677.2817   4.0  1  1
		 31   90  2237.58  6684.29158   6684.2929   4.0  1  1
		 32   91  1076.30  6577.21411   6577.2146   4.0  1  1
		 32   91  1299.48  6583.90883    6583.906   4.0  1  1
		 32   91  1456.05  6588.53912   6588.5396   4.0  1  1
		 32   91  1556.59  6591.48372   6591.4845   4.0  1  1
		 32   91  1640.98  6593.93805   6593.9391   4.0  1  1
		 32   91  2570.73  6619.94342   6619.9458   4.0  1  1
		 33   92   584.49  6490.73796   6490.7372   4.0  1  1
		 33   92  1300.10  6512.36303   6512.3639   4.0  1  1
		 33   92  1961.30  6531.34175   6531.3418   4.0  1  1
		 33   92  2804.15  6554.15985   6554.1603   4.0  1  1
		 34   93   292.95  6411.90152   6411.8991   4.0  1  1
		 34   93   434.31  6416.30857   6416.3071   4.0  1  1
		 34   93  1823.60  6457.28277   6457.2824   4.0  1  1
		 35   94   266.37  6342.86023   6342.8595   4.0  1  1
		 35   94   456.74  6348.73393   6348.7375   4.0  1  1
		 35   94  1235.84   6371.9472   6371.9436   4.0  1  1
		 35   94  1409.04  6376.92879   6376.9305   4.0  1  1
		 35   94  1684.48  6384.71852   6384.7169   4.0  1  1
		 35   94  1780.55  6387.39723   6387.3957   4.0  1  1
		 35   94  2694.40  6411.89863   6411.8991   4.0  1  1
		 35   94  2760.89  6413.61256   6413.6145   4.0  1  1
		 35   94  2866.06  6416.30498   6416.3071   4.0  1  1
		 36   95   959.39  6296.87239   6296.8722   4.0  1  1
		 36   95  1333.34  6307.65726    6307.657   4.0  1  1
		 36   95  1621.92  6315.77641    6315.775   4.0  1  1
		 36   95  2041.90  6327.27703   6327.2778   4.0  1  1
		 36   95  2633.82  6342.85762   6342.8595   4.0  1  1
		 36   95  2761.50  6346.12279   6346.1209   4.0  1  1
		 37   96   152.41  6207.22649   6207.2201   4.0  1  1
		 37   96   728.03  6224.52559   6224.5272   4.0  1  1
		 37   96  1083.44  6234.85253   6234.8554   4.0  1  1
		 37   96  1374.85  6243.11994   6243.1201   4.0  1  1
		 37   96  1894.71  6257.42439   6257.4237   4.0  1  1
		 37   96  2529.11  6274.11711   6274.1166   4.0  1  1
		 37   96  3450.03  6296.87748   6296.8722   4.0  1  1
		 38   97   444.06  6151.99364   6151.9929   4.0  1  1
		 38   97   870.30  6164.47702   6164.4796   4.0  1  1
		 38   97  1056.91  6169.82134   6169.8221   4.0  1  1
		 38   97  1143.56   6172.2782   6172.2778   4.0  1  1
		 38   97  1514.90  6182.62848   6182.6217   4.0  1  1
		 38   97  1716.43  6188.12547   6188.1251   4.0  1  1
		 38   97  1856.86  6191.90591   6191.9053   4.0  1  1
		 38   97  2296.98  6203.49104   6203.4925   4.0  1  1
		 38   97  2441.91  6207.21882   6207.2201   4.0  1  1
		 38   97  3138.02  6224.52855   6224.5272   4.0  1  1
		 39   98  1013.32  6105.63413   6105.6351   4.0  1  1
		 39   98  1346.25  6114.92374   6114.9234   4.0  1  1
		 39   98  1697.78  6124.48349   6124.4805   4.0  1  1
		 39   98  2236.96  6138.65399   6138.6465   4.0  1  1
		 39   98  2503.47   6145.4399   6145.4411   4.0  1  1
		 39   98  2766.31  6151.99171   6151.9929   4.0  1  1
		 39   98  3283.54  6164.48043   6164.4796   4.0  1  1
		 39   98  3511.77  6169.82191   6169.8221   4.0  1  1
		 40   99   596.68  6032.12804   6032.1274   4.0  1  1
		 40   99   791.14  6037.69532   6037.6975   4.0  1  1
		 40   99   987.05    6043.225   6043.2233   4.0  1  1
		 40   99  1196.52   6049.0495    6049.051   4.0  1  1
		 40   99  1576.04  6059.37338   6059.3725   4.0  1  1
		 40   99  1940.82   6069.0193   6069.0207   4.0  1  1
		 40   99  2691.60  6088.02713   6088.0305   4.0  1  1
		 40   99  3138.37  6098.80424   6098.8031   4.0  1  1
		 40   99  3839.46  6114.92409   6114.9234   4.0  1  1
		 41  100   661.96  5973.66349   5973.6649   4.0  1  1
		 41  100  1214.26  5989.04346   5989.0447   4.0  1  1
		 41  100  1401.96  5994.12874   5994.1287   4.0  1  1
		 41  100  1892.12  6007.07265   6007.0722   4.0  1  1
		 41  100  2011.83  6010.16063   6010.1606   4.0  1  1
		 41  100  2442.55  6021.03402   6021.0357   4.0  1  1
		 41  100  2897.88  6032.12871   6032.1274   4.0  1  1
		 41  100  3132.97  6037.69724   6037.6975   4.0  1  1
		 41  100  3627.27  6049.05457    6049.051   4.0  1  1
		 42  101   575.90  5912.08668   5912.0853   4.0  1  1
		 42  101  1179.79  5928.81375    5928.813   4.0  1  1
		 42  101  1554.60  5938.82525   5938.8252   4.0  1  1
		 42  101  1777.51  5944.64586   5944.6472   4.0  1  1
		 42  101  3010.38  5975.06369   5975.0648   4.0  1  1
		 42  101  3621.41  5989.04142   5989.0447   4.0  1  1
		 42  101  3851.99  5994.12986   5994.1287   4.0  1  1
		 43  102   798.38   5860.3108   5860.3103   4.0  1  1
		 43  102  1198.26  5871.18346   5871.1828   4.0  1  1
		 43  102  1632.41  5882.62669   5882.6242   4.0  1  1
		 43  102  1751.58  5885.70211   5885.7016   4.0  1  1
		 43  102  2822.20  5912.08478   5912.0853   4.0  1  1
		 44  103   704.07  5800.82679   5800.8297   4.0  1  1
		 44  103   825.01  5804.13996   5804.1412   4.0  1  1
		 44  103  1245.01  5815.42027   5815.4219   4.0  1  1
		 44  103  2736.02  5852.67092   5852.6806   4.0  1  1
		 44  103  3065.05  5860.31301   5860.3103   4.0  1  1
		 45  104   999.94   5753.0254   5753.0265   4.0  1  1
		 45  104  1284.90  5760.54635   5760.5508   4.0  1  1
		 45  104  1399.58  5763.52846    5763.529   4.0  1  1
		 45  104  2449.51   5789.6429   5789.6451   4.0  1  1
		 45  104  2927.32  5800.82759   5800.8297   4.0  1  1
		 45  104  3072.49  5804.14008   5804.1412   4.0  1  1
		 46  105  1339.80  5707.10208   5707.1033   4.0  1  1
		 46  105  1857.61  5720.18397   5720.1828   4.0  1  1
		 46  105  2069.57   5725.3903   5725.3885   4.0  1  1
		 46  105  2663.23  5739.51782   5739.5196   4.0  1  1
		 46  105  3258.94  5753.02705   5753.0265   4.0  1  1
		 46  105  3604.05  5760.55092   5760.5508   4.0  1  1
		 47  106   820.31  5639.74291   5639.7461   4.0  1  1
		 47  106  1240.02  5650.70598   5650.7043   4.0  1  1
		 47  106  1523.65  5657.92277   5657.9255   4.0  1  1
		 47  106  1894.59  5667.12897   5667.1281   4.0  1  1
		 48  107   531.32  5579.35721   5579.3583   4.0  1  1
		 48  107   820.02  5587.02589   5587.0263   4.0  1  1
		 48  107  1129.31  5595.06365   5595.0635   4.0  1  1
		 48  107  1386.26  5601.60223   5601.6032   4.0  1  1
		 48  107  1591.56  5606.73603    5606.733   4.0  1  1
		 48  107  1942.26  5615.32192   5615.3195   4.0  1  1
		 48  107  2996.47  5639.74754   5639.7461   4.0  1  1
		 49  108   973.20  5539.26008   5539.2618   4.0  1  1
		 49  108  1114.86  5542.88937     5542.89   4.0  1  1
		 49  108  1323.93  5548.17627   5548.1758   4.0  1  1
		 49  108  1750.36  5558.70492    5558.702   4.0  1  1
		 49  108  2368.06  5573.35388   5573.3535   4.0  1  1
		 49  108  2630.22  5579.35792   5579.3583   4.0  1  1
		 49  108  2973.34  5587.02555   5587.0263   4.0  1  1
		 49  108  3343.79  5595.06371   5595.0635   4.0  1  1
		 50  109  1138.86  5492.64273   5492.6435   4.0  1  1
		 50  109  1267.77  5495.87727   5495.8738   4.0  1  1
		 50  109  1403.78  5499.25603   5499.2554   4.0  1  1
		 50  109  1609.59  5504.30341   5504.3018   4.0  1  1
		 50  109  1845.67  5509.99597   5509.9938   4.0  1  1
		 50  109  2051.43  5514.87349   5514.8731   4.0  1  1
		 50  109  3134.06  5539.26181   5539.2618   4.0  1  1
		 52  111   856.52  5386.61027   5386.6107   4.0  1  1
		 52  111  1182.78  5394.76245   5394.7608   4.0  1  1
		 52  111  1715.56   5407.6536   5407.6535   4.0  1  1
		 52  111  2137.01  5417.48445   5417.4858   4.0  1  1
		 52  111  2424.55   5424.0075   5424.0079   4.0  1  1
		 52  111  2745.38   5431.1107    5431.112   4.0  1  1
		 53  112  1060.16  5343.58085   5343.5812   4.0  1  1
		 53  112  1239.05  5347.96913   5347.9714   4.0  1  1
		 53  112  1748.78   5360.1534   5360.1501   4.0  1  1
		 53  112  2390.27  5374.82115   5374.8219   4.0  1  1
		 53  112  2584.31  5379.11314   5379.1105   4.0  1  1
		 53  112  2930.99  5386.61518   5386.6107   4.0  1  1
		 54  113  1141.61  5298.28015   5298.2824   4.0  1  1
		 54  113  1717.84  5312.00137   5312.0018   4.0  1  1
		 54  113  1955.98  5317.49761   5317.4944   4.0  1  1
		 54  113  2377.31  5326.97492   5326.9756   4.0  1  1
		 54  113  3151.82  5343.58101   5343.5812   4.0  1  1
		 55  114   970.67   5247.6542   5247.6547   4.0  1  1
		 55  114  1416.17  5258.35994   5258.3602   4.0  1  1
		 55  114  1490.17  5260.10377   5260.1041   4.0  1  1
		 55  114  1774.42   5266.7111   5266.7103   4.0  1  1
		 55  114  2100.52  5274.11494   5274.1188   4.0  1  1
		 55  114  2414.55  5281.06781   5281.0687   4.0  1  1
		 56  115   716.68   5195.8115   5195.8136   4.0  1  1
		 56  115   853.34  5199.16734   5199.1637   4.0  1  1
		 56  115  1356.30  5211.23047   5211.2305   4.0  1  1
		 56  115  1695.46  5219.11097   5219.1099   4.0  1  1
		 56  115  2231.72  5231.15809   5231.1597   4.0  1  1
		 56  115  3005.10  5247.65154   5247.6547   4.0  1  1
		 56  115  3534.98  5258.35968   5258.3602   4.0  1  1
		 57  116   848.92  5154.23864    5154.243   4.0  1  1
		 57  116  1030.26  5158.60429   5158.6041   4.0  1  1
		 57  116  1234.70  5163.45623   5163.4584   4.0  1  1
		 57  116  1821.02  5176.96302    5176.961   4.0  1  1
		 57  116  2309.06   5187.7482   5187.7462   4.0  1  1
		 57  116  2686.75  5195.81274   5195.8136   4.0  1  1
		 57  116  2847.34  5199.16756   5199.1637   4.0  1  1
		 58  117  1052.54  5115.04127   5115.0448   4.0  1  1
		 58  117  1633.19   5128.4929   5128.4897   4.0  1  1
		 58  117  1912.08  5134.74522    5134.746   4.0  1  1
		 58  117  2233.38  5141.78175   5141.7827   4.0  1  1
		 58  117  2397.50  5145.30784   5145.3083   4.0  1  1
		 58  117  2696.36  5151.61054    5151.612   4.0  1  1
		 58  117  2823.34  5154.24263    5154.243   4.0  1  1
		 58  117  3036.74  5158.60445   5158.6041   4.0  1  1
		 58  117  3219.91  5162.28736   5162.2846   4.0  1  1
		 59  118   647.52     5062.04   5062.0371   4.0  1  1
		 59  118   894.98  5067.97198   5067.9737   4.0  1  1
		 59  118  2152.99   5096.4825   5096.4848   4.0  1  1
		 59  118  3044.26  5115.04594   5115.0448   4.0  1  1
		 60  119  1496.06  5039.23182   5039.2303   4.0  1  1
		 60  119  1742.18  5044.72315   5044.7195   4.0  1  1
		 60  119  1974.04  5049.80188    5049.796   4.0  1  1
		 60  119  2550.61    5062.037   5062.0371   4.0  1  1
		 60  119  2840.26  5067.97281   5067.9737   4.0  1  1
		 61  120   975.16  4985.37185   4985.3725   4.0  1  1
		 61  120  1145.55  4989.30531   4989.3086   4.0  1  1
		 61  120  1715.40  5002.09895   5002.0972   4.0  1  1
		 61  120  2049.08  5009.33483   5009.3344   4.0  1  1
		 61  120  2420.50   5017.1691   5017.1628   4.0  1  1
		 61  120  2548.04  5019.80613   5019.8062   4.0  1  1
		 61  120  2985.87  5028.65384   5028.6556   4.0  1  1
		 62  121   780.07  4939.64181   4939.6422   4.0  1  1
		 62  121  1031.17  4945.45783   4945.4587   4.0  1  1
		 62  121  1915.20  4965.08194   4965.0795   4.0  1  1
		 62  121  2249.49  4972.16079   4972.1597   4.0  1  1
		 62  121  2898.22  4985.37026   4985.3725   4.0  1  1
		 63  122   600.36  4894.95628   4894.9551   4.0  1  1
		 63  122  1023.70  4904.75085   4904.7516   4.0  1  1
		 63  122  1369.45  4912.52494   4912.5293   4.0  1  1
		 63  122  1702.21  4919.81729   4919.8157   4.0  1  1
		 63  122  2336.56  4933.20881   4933.2091   4.0  1  1
		 63  122  2653.08  4939.64279   4939.6422   4.0  1  1
		 63  122  2946.35  4945.45828   4945.4587   4.0  1  1
		 64  123  1050.43  4865.47785   4865.4775   4.0  1  1
		 64  123  1384.51  4872.91837   4872.9169   4.0  1  1
		 64  123  1651.69  4878.73504    4878.733   4.0  1  1
		 64  123  1704.41  4879.86872   4879.8635   4.0  1  1
		 64  123  2139.09  4889.04182   4889.0422   4.0  1  1
		 64  123  2427.39  4894.95485   4894.9551   4.0  1  1
		 65  124   899.90  4822.85268   4822.8548   4.0  1  1
		 65  124  1070.92  4826.69788   4826.7004   4.0  1  1
		 65  124  1270.40  4831.12114   4831.1213   4.0  1  1
		 65  124  2051.56  4847.81048   4847.8095   4.0  1  1
		 65  124  2078.17  4848.36149   4848.3625   4.0  1  1
		 65  124  2934.49  4865.47838   4865.4775   4.0  1  1
		 65  124  3704.10  4879.86313   4879.8635   4.0  1  1
		 66  125   636.43   4778.2962    4778.294   4.0  1  1
		 66  125  1129.90   4789.3884   4789.3868   4.0  1  1
		 66  125  1906.01  4806.02197   4806.0205   4.0  1  1
		 66  125  2007.94  4808.13342   4808.1337   4.0  1  1
		 66  125  2742.44  4822.85466   4822.8548   4.0  1  1
		 67  126  1844.21  4766.60379   4766.6006   4.0  1  1
		 67  126  2420.83  4778.29439    4778.294   4.0  1  1
		 67  126  2993.88  4789.38847   4789.3868   4.0  1  1
		 68  127   678.67  4703.99309   4703.9898   4.0  1  1
		 68  127  1573.22  4723.43938   4723.4382   4.0  1  1
		 68  127  1737.53  4726.87045   4726.8683   4.0  1  1
		 68  127  1989.78  4732.05333   4732.0532   4.0  1  1
		 68  127  2180.53  4735.90512   4735.9058   4.0  1  1
		 68  127  2862.31  4749.20203   4749.2002   4.0  1  1
		 68  127  3033.04  4752.41764   4752.4141   4.0  1  1
		 69  128   969.60  4673.65947   4673.6609   4.0  1  1
		 69  128  1080.04  4676.05999   4676.0555   4.0  1  1
		 69  128  1556.73  4686.19546   4686.1946   4.0  1  1
		 69  128  1770.55   4690.6235   4690.6219   4.0  1  1
		 69  128  1987.25  4695.03685   4695.0381   4.0  1  1
		 69  128  2352.89  4702.31508   4702.3161   4.0  1  1
		 69  128  2438.52  4703.98918   4703.9898   4.0  1  1
		 69  128  3479.99  4723.43805   4723.4382   4.0  1  1
		 70  129   960.70  4637.23594   4637.2328   4.0  1  1
		 70  129  1950.25  4657.90231   4657.9012   4.0  1  1
		 70  129  2759.77  4673.66126   4673.6609   4.0  1  1
		 71  130   831.28  4598.76617   4598.7627   4.0  1  1
		 71  130  1337.98  4609.56729   4609.5673   4.0  1  1
		 71  130  2733.94  4637.23312   4637.2328   4.0  1  1
		 72  131  1174.69  4570.97009   4570.9722   4.0  1  1
		 72  131  1579.62  4579.35087   4579.3495   4.0  1  1
		 72  131  2107.88  4589.89856   4589.8978   4.0  1  1
		 72  131  2393.42  4595.41986   4595.4206   4.0  1  1
		 72  131  2569.58  4598.76374   4598.7627   4.0  1  1
		 72  131  3156.67    4609.567   4609.5673   4.0  1  1
		 73  132  1399.81  4540.99836    4540.999   4.0  1  1
		 73  132  1598.98  4545.05218   4545.0519   4.0  1  1
		 73  132  2143.09   4555.8133   4555.8127   4.0  1  1
		 73  132  3423.12  4579.35025   4579.3495   4.0  1  1
		 74  133   751.76  4493.33559   4493.3337   4.0  1  1
		 74  133  1208.14  4502.92594   4502.9268   4.0  1  1
		 74  133  1591.66  4510.73405   4510.7332   4.0  1  1
		 74  133  1812.06   4515.1185   4515.1182   4.0  1  1
		 74  133  2023.77  4519.25975   4519.2592   4.0  1  1
		 74  133  2124.21  4521.20045   4521.1939   4.0  1  1
		 74  133  2619.69  4530.55006   4530.5523   4.0  1  1
		 74  133  3430.28  4545.05184   4545.0519   4.0  1  1
		 75  134  1475.95  4474.75917   4474.7594   4.0  1  1
		 75  134  1831.69  4481.81064   4481.8107   4.0  1  1
		 75  134  2094.56  4486.89734   4486.8973   4.0  1  1
		 75  134  2309.65  4490.98146   4490.9816   4.0  1  1
		 75  134  2435.12  4493.33185   4493.3337   4.0  1  1
		 75  134  3406.35  4510.73132   4510.7332   4.0  1  1
		 76  135   715.75  4426.00385   4426.0011   4.0  1  1
		 76  135   915.35  4430.18902    4430.189   4.0  1  1
		 76  135  1091.87  4433.83883    4433.838   4.0  1  1
		 76  135  1368.44  4439.46052   4439.4614   4.0  1  1
		 76  135  1692.46  4445.89802   4445.9012   4.0  1  1
		 76  135  1845.37  4448.88058   4448.8792   4.0  1  1
		 76  135  2036.74  4452.56331   4452.5655   4.0  1  1
		 76  135  2324.69  4458.00095   4458.0015   4.0  1  1
		 76  135  3256.80  4474.75761   4474.7594   4.0  1  1
		 77  136  1079.49  4400.98412   4400.9863   4.0  1  1
		 77  136  1175.03   4402.9274   4402.9271   4.0  1  1
		 77  136  1472.16  4408.88184   4408.8828   4.0  1  1
		 77  136  1758.32  4414.48988   4414.4863   4.0  1  1
		 77  136  2366.53  4426.00075   4426.0011   4.0  1  1
		 77  136  2595.29  4430.18791    4430.189   4.0  1  1
		 77  136  2639.95  4430.99635   4430.9963   4.0  1  1
		 78  137  1028.88  4367.83201   4367.8316   4.0  1  1
		 78  137  1173.11  4370.75058   4370.7532   4.0  1  1
		 78  137  1434.05  4375.95092   4375.9542   4.0  1  1
		 78  137  1903.98  4385.05747   4385.0566   4.0  1  1
		 78  137  2225.91  4391.10571   4391.1105   4.0  1  1
		 78  137  2770.21   4400.9841   4400.9863   4.0  1  1
		 79  138   899.88  4333.56156   4333.5612   4.0  1  1
		 79  138   987.19  4335.33684   4335.3379   4.0  1  1
		 79  138  1630.54  4348.06349    4348.064   4.0  1  1
		 79  138  1847.00  4352.20616   4352.2049   4.0  1  1
		 79  138  2377.50    4362.066   4362.0662   4.0  1  1
		 79  138  2864.40  4370.75338   4370.7532   4.0  1  1
		 80  139   787.63  4300.09986   4300.1008   4.0  1  1
		 80  139  1806.24  4320.12915   4320.1264   4.0  1  1
		 80  139  2405.71  4331.19885   4331.1995   4.0  1  1
		 80  139  2537.50  4333.56215   4333.5612   4.0  1  1
		 80  139  3379.05   4348.0651    4348.064   4.0  1  1
		 81  140   925.88  4272.17334   4272.1689   4.0  1  1
		 81  140  1195.15  4277.52581   4277.5282   4.0  1  1
		 81  140  1426.89  4282.04602   4282.0413   4.0  1  1
		 81  140  2396.34  4300.09923   4300.1008   4.0  1  1
		 82  141  1355.94  4250.31216   4250.3146   4.0  1  1
		 82  141  1733.48  4257.49606   4257.4963   4.0  1  1
		 82  141  1833.41  4259.36264   4259.3619   4.0  1  1
		 82  141  2210.96  4266.28431   4266.2864   4.0  1  1
		 82  141  2224.23  4266.52372   4266.5271   4.0  1  1
		 82  141  2541.11  4272.16848   4272.1689   4.0  1  1
		 82  141  2849.70   4277.5279   4277.5282   4.0  1  1
		 83  142   871.59  4210.92175   4210.9232   4.0  1  1
		 83  142  1069.30  4214.82476   4214.8285   4.0  1  1
		 83  142  1473.94  4222.63369   4222.6373   4.0  1  1
		 83  142  1767.89   4228.1564    4228.158   4.0  1  1
		 83  142  2167.35  4235.46115   4235.4636   4.0  1  1
		 83  142  2265.35  4237.21812   4237.2198   4.0  1  1
		 84  143   892.41  4181.88398   4181.8836   4.0  1  1
		 84  143  1347.58  4190.70974   4190.7129   4.0  1  1
		 84  143  1571.21  4194.93523   4194.9318   4.0  1  1
		 84  143  1753.02  4198.31711    4198.317   4.0  1  1
		 84  143  1881.25  4200.67377   4200.6745   4.0  1  1
		 84  143  2454.33  4210.91909   4210.9232   4.0  1  1
		 85  144  1189.05  4158.58912   4158.5905   4.0  1  1
		 85  144  1484.17  4164.18058   4164.1795   4.0  1  1
		 85  144  1827.74  4170.53173   4170.5333   4.0  1  1
		 85  144  2465.82  4181.88153   4181.8836   4.0  1  1
		 86  145  1284.58   4131.7209   4131.7235   4.0  1  1
		 86  145  1879.06  4142.70059    4142.701   4.0  1  1
		 86  145  2791.99  4158.59005   4158.5905   4.0  1  1
		 87  146  1121.52  4100.34212   4100.3414   4.0  1  1
		 87  146  1553.49  4108.41784   4108.4198   4.0  1  1
		 87  146  2012.65  4116.71142   4116.7137   4.0  1  1
		 87  146  2888.91   4131.7217   4131.7235   4.0  1  1
		 88  147  1097.87  4072.00115   4071.9967   4.0  1  1
		 88  147  1344.66  4076.62568   4076.6284   4.0  1  1
		 88  147  1889.28  4086.52578   4086.5205   4.0  1  1
		 88  147  2360.05  4094.74883    4094.747   4.0  1  1
		 88  147  2690.59  4100.33952   4100.3414   4.0  1  1
		 89  148  1013.19  4042.89069   4042.8937   4.0  1  1
		 89  148  1094.06  4044.41545   4044.4179   4.0  1  1
		 89  148  1554.43  4052.91927   4052.9208   4.0  1  1
		 89  148  1908.01  4059.24829   4059.2529   4.0  1  1
		 89  148  2145.51   4063.4019   4063.4071   4.0  1  1
		 90  149  1193.69  4019.12504   4019.1289   4.0  1  1
		 90  149  1841.77  4030.84353   4030.8424   4.0  1  1
		 90  149  2140.28  4036.04519   4036.0479   4.0  1  1
		 90  149  2544.59  4042.89558   4042.8937   4.0  1  1
		 90  149  2636.39  4044.41991   4044.4179   4.0  1  1
		 90  149  3161.48  4052.92176   4052.9208   4.0  1  1
		 91  150  2086.07  4008.21309   4008.2102   4.0  1  1
		 91  150  2337.75  4012.49457   4012.4952   4.0  1  1
		 91  150  2738.17   4019.1297   4019.1289   4.0  1  1
		 92  151  1951.13  3979.35649   3979.3559   4.0  1  1
		 93  152  1708.42  3948.97806   3948.9789   4.0  1  1
		 93  152  1789.91  3950.39793   3950.3951   4.0  1  1
		 93  152  2808.93  3967.39576   3967.3921   4.0  1  1
		 96  155  1476.13  3868.53236   3868.5284   4.0  1  1
		 96  155  1782.61  3873.82258   3873.8224   4.0  1  1
		 97  156  1245.66  3839.69841   3839.6953   4.0  1  1
		 97  156  1877.06  3850.58807   3850.5813   4.0  1  1
	offset	59
	niterate 0
	lowreject 3.
	highreject 3.
	coefficients	24
		1.
		4.
		4.
		1.
		1.
		4096.
		60.
		156.
		600905.1521105893
		5257.111569331883
		-210.8852185771139
		1.732677428497631
		15.79791790632793
		46.17570626533769
		-4.192529527203021
		0.427957387539405
		2.058769595459503
		4.045528750555575
		-0.6905851214090461
		0.1925015395775409
		-0.1172196282366669
		1.470740301146686
		-0.03002160695506964
		0.05030321821264274

