# Mon 16:12:47 08-Mar-2021
begin	ecidentify 20210213046_sum
	id	20210213046_sum
	task	ecidentify
	image	20210213046_sum
	units	angstroms
	features	450
		  4   63   499.79  9474.87667   9474.8793   4.0  1  1
		  4   63  1001.00  9497.20025   9497.1891   4.0  1  1
		  6   65   759.45  9194.63773   9194.6385   4.0  1  1
		  6   65   977.18  9203.95922   9203.9617   4.0  1  1
		  6   65  2530.35  9266.20671    9266.207   4.0  1  1
		  6   65  2800.14  9276.27164   9276.2732   4.0  1  1
		  6   65  3220.74  9291.52955   9291.5313   4.0  1  1
		  9   68  1006.60  8799.08393   8799.0875   4.0  1  1
		 10   69  1179.29  8678.41266   8678.4083   4.0  1  1
		 10   69  3076.01  8748.03568   8748.0309   4.0  1  1
		 10   69  3380.16     8758.25   8758.2434   4.0  1  1
		 10   69  3484.24  8761.68605   8761.6862   4.0  1  1
		 11   70   807.80  8539.78741    8539.793   4.0  1  1
		 11   70  2570.74  8605.77741   8605.7762   4.0  1  1
		 11   70  2998.31  8620.45916   8620.4602   4.0  1  1
		 12   71   737.48  8416.72598   8416.7269   4.0  1  1
		 12   71   851.49  8421.22326   8421.2254   4.0  1  1
		 13   72  1286.91  8320.85985   8320.8554   4.0  1  1
		 13   72  1545.11  8330.45342   8330.4494   4.0  1  1
		 13   72  3111.68  8384.72119    8384.724   4.0  1  1
		 14   73    68.94  8159.73302   8159.7277   4.0  1  1
		 14   73   758.00  8186.91179   8186.9113   4.0  1  1
		 14   73  3292.44  8275.62432   8275.6266   4.0  1  1
		 15   74   165.85  8053.30893   8053.3085   4.0  1  1
		 15   74  1222.86  8093.62504   8093.6238   4.0  1  1
		 15   74  2647.07   8143.1407    8143.138   4.0  1  1
		 16   75   865.40   7972.5938    7972.596   4.0  1  1
		 16   75  1038.12  7978.97371   7978.9731   4.0  1  1
		 16   75  2581.21   8032.4304   8032.4313   4.0  1  1
		 16   75  3008.44  8046.12086   8046.1169   4.0  1  1
		 17   76  1518.42  7891.07877    7891.075   4.0  1  1
		 18   77  1528.23  7788.93592   7788.9342   4.0  1  1
		 18   77  2392.61  7817.77156   7817.7669   4.0  1  1
		 19   78   355.70  7647.37965   7647.3794   4.0  1  1
		 20   79   321.30  7549.31018   7549.3138   4.0  1  1
		 20   79  2344.38  7618.34444   7618.3443   4.0  1  1
		 21   80   775.92  7471.16091   7471.1641   4.0  1  1
		 21   80  1069.35   7481.3522   7481.3545   4.0  1  1
		 21   80  1156.20  7484.32672   7484.3267   4.0  1  1
		 21   80  1942.93  7510.40712   7510.4082   4.0  1  1
		 21   80  3214.19   7549.3038   7549.3138   4.0  1  1
		 22   81    55.71   7353.2912    7353.293   4.0  1  1
		 22   81  1187.45  7392.97899   7392.9801   4.0  1  1
		 22   81  2184.41  7425.29013   7425.2942   4.0  1  1
		 22   81  2511.83   7435.3684   7435.3683   4.0  1  1
		 23   82   658.77  7284.90055   7284.9033   4.0  1  1
		 23   82  1457.74  7311.71467   7311.7159   4.0  1  1
		 23   82  1590.16  7316.00672    7316.005   4.0  1  1
		 23   82  2717.30  7350.81578    7350.814   4.0  1  1
		 23   82  3461.11   7372.1173   7372.1184   4.0  1  1
		 24   83   950.41  7206.97907   7206.9804   4.0  1  1
		 24   83  1122.37  7212.69083   7212.6896   4.0  1  1
		 24   83  2817.61  7265.17261   7265.1724   4.0  1  1
		 24   83  3519.56  7284.90485   7284.9033   4.0  1  1
		 25   84   541.75  7107.47873   7107.4778   4.0  1  1
		 25   84  1053.09  7124.55869   7124.5607   4.0  1  1
		 26   85   385.34   7018.5677   7018.5675   4.0  1  1
		 26   85   733.19  7030.25105   7030.2514   4.0  1  1
		 26   85  1946.19  7068.73184   7068.7358   4.0  1  1
		 26   85  2466.28  7084.16889    7084.169   4.0  1  1
		 26   85  3295.21  7107.47704   7107.4778   4.0  1  1
		 27   86   406.58  6937.66534   6937.6642   4.0  1  1
		 27   86   584.77  6943.60845   6943.6105   4.0  1  1
		 27   86  1096.25  6960.24918     6960.25   4.0  1  1
		 27   86  2050.67  6989.65606   6989.6553   4.0  1  1
		 27   86  2431.67  7000.80409   7000.8036   4.0  1  1
		 27   86  3063.82  7018.56624   7018.5675   4.0  1  1
		 27   86  3498.51  7030.25313   7030.2514   4.0  1  1
		 28   87   508.00  6861.27089   6861.2688   4.0  1  1
		 28   87   815.57  6871.29301   6871.2891   4.0  1  1
		 28   87  1349.74  6888.17255   6888.1742   4.0  1  1
		 28   87  2115.72  6911.22416   6911.2264   4.0  1  1
		 28   87  3054.98  6937.66137   6937.6642   4.0  1  1
		 28   87  3276.61  6943.60966   6943.6105   4.0  1  1
		 29   88   355.84  6778.31402   6778.3123   4.0  1  1
		 29   88   753.66  6791.23071   6791.2351   4.0  1  1
		 29   88  1989.83  6829.03679   6829.0355   4.0  1  1
		 29   88  2193.32    6834.926   6834.9246   4.0  1  1
		 29   88  3146.33  6861.26935   6861.2688   4.0  1  1
		 29   88  3529.40  6871.28913   6871.2891   4.0  1  1
		 30   89  1155.54  6727.45772   6727.4583   4.0  1  1
		 30   89  2495.46  6766.61029   6766.6117   4.0  1  1
		 30   89  2924.91   6778.3108   6778.3123   4.0  1  1
		 31   90   687.07   6638.2198   6638.2207   4.0  1  1
		 31   90   862.23  6643.69501   6643.6976   4.0  1  1
		 31   90  1353.33  6658.67581   6658.6774   4.0  1  1
		 31   90  1473.82  6662.26833   6662.2686   4.0  1  1
		 31   90  1612.38  6666.35961   6666.3588   4.0  1  1
		 31   90  1989.49  6677.27749   6677.2817   4.0  1  1
		 31   90  2237.70  6684.29149   6684.2929   4.0  1  1
		 32   91  1076.38  6577.21329   6577.2146   4.0  1  1
		 32   91  1299.80  6583.91476    6583.906   4.0  1  1
		 32   91  1456.12  6588.53774   6588.5396   4.0  1  1
		 32   91  1556.65    6591.482   6591.4845   4.0  1  1
		 32   91  1641.12  6593.93864   6593.9391   4.0  1  1
		 32   91  2570.74  6619.93987   6619.9458   4.0  1  1
		 33   92   584.43  6490.73398   6490.7372   4.0  1  1
		 33   92  1300.21  6512.36303   6512.3639   4.0  1  1
		 33   92  1961.43   6531.3417   6531.3418   4.0  1  1
		 33   92  2804.21  6554.15713   6554.1603   4.0  1  1
		 34   93   293.00  6411.90213   6411.8991   4.0  1  1
		 34   93   434.36  6416.30859   6416.3071   4.0  1  1
		 34   93  1823.62  6457.28002   6457.2824   4.0  1  1
		 35   94   266.48  6342.86296   6342.8595   4.0  1  1
		 35   94   456.87  6348.73632   6348.7375   4.0  1  1
		 35   94  1235.98  6371.94801   6371.9436   4.0  1  1
		 35   94  1409.18  6376.92944   6376.9305   4.0  1  1
		 35   94  1684.62  6384.71897   6384.7169   4.0  1  1
		 35   94  1780.68   6387.3972   6387.3957   4.0  1  1
		 35   94  2694.53  6411.89802   6411.8991   4.0  1  1
		 35   94  2761.20  6413.61643   6413.6145   4.0  1  1
		 35   94  2866.29  6416.30647   6416.3071   4.0  1  1
		 36   95   959.42  6296.87036   6296.8722   4.0  1  1
		 36   95  1333.48  6307.65804    6307.657   4.0  1  1
		 36   95  1621.89  6315.77204    6315.775   4.0  1  1
		 36   95  2042.08  6327.27849   6327.2778   4.0  1  1
		 36   95  2634.02  6342.85906   6342.8595   4.0  1  1
		 36   95  2761.59  6346.12123   6346.1209   4.0  1  1
		 37   96   152.42  6207.22659   6207.2201   4.0  1  1
		 37   96   728.14  6224.52643   6224.5272   4.0  1  1
		 37   96  1083.58  6234.85371   6234.8554   4.0  1  1
		 37   96  1374.88  6243.11759   6243.1201   4.0  1  1
		 37   96  1894.88  6257.42533   6257.4237   4.0  1  1
		 37   96  2529.14  6274.11397   6274.1166   4.0  1  1
		 37   96  3449.90  6296.86835   6296.8722   4.0  1  1
		 38   97   444.08  6151.99272   6151.9929   4.0  1  1
		 38   97   870.42  6164.47772   6164.4796   4.0  1  1
		 38   97  1056.98  6169.82044   6169.8221   4.0  1  1
		 38   97  1143.65  6172.27761   6172.2778   4.0  1  1
		 38   97  1515.07  6182.63002   6182.6217   4.0  1  1
		 38   97  1716.51  6188.12408   6188.1251   4.0  1  1
		 38   97  1857.00  6191.90628   6191.9053   4.0  1  1
		 38   97  2297.12  6203.49093   6203.4925   4.0  1  1
		 38   97  2441.99  6207.21717   6207.2201   4.0  1  1
		 38   97  3138.15  6224.52708   6224.5272   4.0  1  1
		 39   98  1013.48  6105.63578   6105.6351   4.0  1  1
		 39   98  1346.37  6114.92397   6114.9234   4.0  1  1
		 39   98  1697.90  6124.48345   6124.4805   4.0  1  1
		 39   98  2237.03  6138.65231   6138.6465   4.0  1  1
		 39   98  2503.58  6145.43883   6145.4411   4.0  1  1
		 39   98  2766.55  6151.99347   6151.9929   4.0  1  1
		 39   98  3283.60  6164.47674   6164.4796   4.0  1  1
		 39   98  3512.01  6169.82148   6169.8221   4.0  1  1
		 40   99   596.73  6032.12773   6032.1274   4.0  1  1
		 40   99   791.20  6037.69467   6037.6975   4.0  1  1
		 40   99   987.10  6043.22353   6043.2233   4.0  1  1
		 40   99  1196.66  6049.05053    6049.051   4.0  1  1
		 40   99  1576.18  6059.37381   6059.3725   4.0  1  1
		 40   99  1941.09  6069.02287   6069.0207   4.0  1  1
		 40   99  2691.88  6088.03011   6088.0305   4.0  1  1
		 40   99  3138.46  6098.80162   6098.8031   4.0  1  1
		 40   99  3839.95  6114.92738   6114.9234   4.0  1  1
		 41  100   662.03  5973.66323   5973.6649   4.0  1  1
		 41  100  1214.37  5989.04374   5989.0447   4.0  1  1
		 41  100  1402.08  5994.12892   5994.1287   4.0  1  1
		 41  100  1892.25  6007.07262   6007.0722   4.0  1  1
		 41  100  2012.02  6010.16192   6010.1606   4.0  1  1
		 41  100  2442.79  6021.03625   6021.0357   4.0  1  1
		 41  100  2898.05  6032.12846   6032.1274   4.0  1  1
		 41  100  3133.11  6037.69582   6037.6975   4.0  1  1
		 41  100  3627.46  6049.05245    6049.051   4.0  1  1
		 42  101   575.90  5912.08504   5912.0853   4.0  1  1
		 42  101  1179.88  5928.81352    5928.813   4.0  1  1
		 42  101  1554.72  5938.82531   5938.8252   4.0  1  1
		 42  101  1777.71  5944.64764   5944.6472   4.0  1  1
		 42  101  3010.71  5975.06697   5975.0648   4.0  1  1
		 42  101  3621.84  5989.04473   5989.0447   4.0  1  1
		 42  101  3852.45  5994.13256   5994.1287   4.0  1  1
		 43  102   798.48  5860.31149   5860.3103   4.0  1  1
		 43  102  1198.54   5871.1883   5871.1828   4.0  1  1
		 43  102  1632.43  5882.62392   5882.6242   4.0  1  1
		 43  102  1751.66  5885.70096   5885.7016   4.0  1  1
		 43  102  2822.43  5912.08596   5912.0853   4.0  1  1
		 44  103   704.22  5800.82879   5800.8297   4.0  1  1
		 44  103   825.07  5804.13932   5804.1412   4.0  1  1
		 44  103  1245.13  5815.42062   5815.4219   4.0  1  1
		 44  103  2736.48  5852.67768   5852.6806   4.0  1  1
		 44  103  3065.19  5860.31167   5860.3103   4.0  1  1
		 45  104  1000.01  5753.02509   5753.0265   4.0  1  1
		 45  104  1284.77  5760.54033   5760.5508   4.0  1  1
		 45  104  1399.69  5763.52826    5763.529   4.0  1  1
		 45  104  2449.73  5789.64423   5789.6451   4.0  1  1
		 45  104  2927.63  5800.83046   5800.8297   4.0  1  1
		 45  104  3072.78  5804.14204   5804.1412   4.0  1  1
		 46  105  1339.91  5707.10215   5707.1033   4.0  1  1
		 46  105  1857.57  5720.17961   5720.1828   4.0  1  1
		 46  105  2069.69  5725.38985   5725.3885   4.0  1  1
		 46  105  2663.52  5739.52047   5739.5196   4.0  1  1
		 46  105  3259.14   5753.0263   5753.0265   4.0  1  1
		 46  105  3604.32  5760.55082   5760.5508   4.0  1  1
		 47  106   820.45  5639.74469   5639.7461   4.0  1  1
		 47  106  1240.06  5650.70454   5650.7043   4.0  1  1
		 47  106  1523.96  5657.92763   5657.9255   4.0  1  1
		 47  106  1894.86  5667.13255   5667.1281   4.0  1  1
		 48  107   531.38  5579.35772   5579.3583   4.0  1  1
		 48  107   820.05  5587.02483   5587.0263   4.0  1  1
		 48  107  1129.34  5595.06212   5595.0635   4.0  1  1
		 48  107  1386.42  5601.60349   5601.6032   4.0  1  1
		 48  107  1591.64  5606.73518    5606.733   4.0  1  1
		 48  107  1942.33  5615.32058   5615.3195   4.0  1  1
		 48  107  2996.66  5639.74721   5639.7461   4.0  1  1
		 49  108   973.29  5539.26034   5539.2618   4.0  1  1
		 49  108  1114.83  5542.88642     5542.89   4.0  1  1
		 49  108  1324.01  5548.17585   5548.1758   4.0  1  1
		 49  108  1750.50  5558.70533    5558.702   4.0  1  1
		 49  108  2368.20  5573.35342   5573.3535   4.0  1  1
		 49  108  2630.46  5579.35924   5579.3583   4.0  1  1
		 49  108  2973.55  5587.02578   5587.0263   4.0  1  1
		 49  108  3344.10  5595.06516   5595.0635   4.0  1  1
		 50  109  1138.94  5492.64276   5492.6435   4.0  1  1
		 50  109  1267.84  5495.87654   5495.8738   4.0  1  1
		 50  109  1403.86  5499.25545   5499.2554   4.0  1  1
		 50  109  1609.65  5504.30201   5504.3018   4.0  1  1
		 50  109  1845.72  5509.99421   5509.9938   4.0  1  1
		 50  109  2051.62  5514.87476   5514.8731   4.0  1  1
		 50  109  3134.28  5539.26173   5539.2618   4.0  1  1
		 52  111   856.54  5386.60914   5386.6107   4.0  1  1
		 52  111  1182.75   5394.7595   5394.7608   4.0  1  1
		 52  111  1715.64  5407.65287   5407.6535   4.0  1  1
		 52  111  2137.14  5417.48432   5417.4858   4.0  1  1
		 52  111  2424.79  5424.00918   5424.0079   4.0  1  1
		 52  111  2745.68  5431.11325    5431.112   4.0  1  1
		 53  112  1060.18  5343.57972   5343.5812   4.0  1  1
		 53  112  1239.18  5347.97024   5347.9714   4.0  1  1
		 53  112  1748.76   5360.1501   5360.1501   4.0  1  1
		 53  112  2390.47  5374.82208   5374.8219   4.0  1  1
		 53  112  2584.37  5379.11045   5379.1105   4.0  1  1
		 53  112  2930.94  5386.60994   5386.6107   4.0  1  1
		 54  113  1141.84  5298.28404   5298.2824   4.0  1  1
		 54  113  1718.02  5312.00284   5312.0018   4.0  1  1
		 54  113  1956.07  5317.49683   5317.4944   4.0  1  1
		 54  113  2377.43  5326.97396   5326.9756   4.0  1  1
		 54  113  3151.98  5343.57958   5343.5812   4.0  1  1
		 55  114   970.64  5247.65225   5247.6547   4.0  1  1
		 55  114  1416.30   5258.3609   5258.3602   4.0  1  1
		 55  114  1490.24  5260.10318   5260.1041   4.0  1  1
		 55  114  1774.57  5266.71204   5266.7103   4.0  1  1
		 55  114  2100.80  5274.11827   5274.1188   4.0  1  1
		 55  114  2414.72   5281.0678   5281.0687   4.0  1  1
		 56  115   716.72  5195.81156   5195.8136   4.0  1  1
		 56  115   853.43  5199.16844   5199.1637   4.0  1  1
		 56  115  1356.42  5211.23133   5211.2305   4.0  1  1
		 56  115  1695.59  5219.11159   5219.1099   4.0  1  1
		 56  115  2231.93  5231.15952   5231.1597   4.0  1  1
		 56  115  3005.43  5247.65397   5247.6547   4.0  1  1
		 56  115  3535.29  5258.36054   5258.3602   4.0  1  1
		 57  116   849.07  5154.24124    5154.243   4.0  1  1
		 57  116  1030.25  5158.60296   5158.6041   4.0  1  1
		 57  116  1234.80  5163.45704   5163.4584   4.0  1  1
		 57  116  1821.20  5176.96437    5176.961   4.0  1  1
		 57  116  2309.08  5187.74536   5187.7462   4.0  1  1
		 57  116  2686.86  5195.81105   5195.8136   4.0  1  1
		 57  116  2847.52  5199.16714   5199.1637   4.0  1  1
		 58  117  1052.67  5115.04306   5115.0448   4.0  1  1
		 58  117  1633.33  5128.49382   5128.4897   4.0  1  1
		 58  117  1912.28  5134.74681    5134.746   4.0  1  1
		 58  117  2233.58  5141.78285   5141.7827   4.0  1  1
		 58  117  2397.79  5145.31047   5145.3083   4.0  1  1
		 58  117  2696.63  5151.61229    5151.612   4.0  1  1
		 58  117  2823.52    5154.242    5154.243   4.0  1  1
		 58  117  3036.99  5158.60502   5158.6041   4.0  1  1
		 58  117  3219.98  5162.28405   5162.2846   4.0  1  1
		 59  118   647.55  5062.04049   5062.0371   4.0  1  1
		 59  118   895.01  5067.97203   5067.9737   4.0  1  1
		 59  118  2153.22  5096.48445   5096.4848   4.0  1  1
		 59  118  3044.33  5115.04279   5115.0448   4.0  1  1
		 60  119  1496.10  5039.23107   5039.2303   4.0  1  1
		 60  119  1742.25  5044.72255   5044.7195   4.0  1  1
		 60  119  1974.12   5049.8011    5049.796   4.0  1  1
		 60  119  2550.76  5062.03632   5062.0371   4.0  1  1
		 60  119  2840.49   5067.9733   5067.9737   4.0  1  1
		 61  120   975.21  4985.37248   4985.3725   4.0  1  1
		 61  120  1145.85  4989.31107   4989.3086   4.0  1  1
		 61  120  1715.46  5002.09809   5002.0972   4.0  1  1
		 61  120  2049.19  5009.33438   5009.3344   4.0  1  1
		 61  120  2420.87  5017.17333   5017.1628   4.0  1  1
		 61  120  2548.28  5019.80744   5019.8062   4.0  1  1
		 61  120  2985.99  5028.65183   5028.6556   4.0  1  1
		 62  121   780.16  4939.64384   4939.6422   4.0  1  1
		 62  121  1031.19  4945.45771   4945.4587   4.0  1  1
		 62  121  1915.28  4965.08124   4965.0795   4.0  1  1
		 62  121  2249.63  4972.16062   4972.1597   4.0  1  1
		 62  121  2898.43  4985.37011   4985.3725   4.0  1  1
		 63  122   600.34  4894.95617   4894.9551   4.0  1  1
		 63  122  1023.66  4904.74938   4904.7516   4.0  1  1
		 63  122  1369.58  4912.52671   4912.5293   4.0  1  1
		 63  122  1702.28  4919.81696   4919.8157   4.0  1  1
		 63  122  2336.73  4933.20924   4933.2091   4.0  1  1
		 63  122  2653.19  4939.64133   4939.6422   4.0  1  1
		 63  122  2946.58   4945.4585   4945.4587   4.0  1  1
		 64  123  1050.43  4865.47732   4865.4775   4.0  1  1
		 64  123  1384.63  4872.91972   4872.9169   4.0  1  1
		 64  123  1651.73  4878.73404    4878.733   4.0  1  1
		 64  123  1704.47  4879.86804   4879.8635   4.0  1  1
		 64  123  2139.24  4889.04203   4889.0422   4.0  1  1
		 64  123  2427.50  4894.95377   4894.9551   4.0  1  1
		 65  124   899.94  4822.85372   4822.8548   4.0  1  1
		 65  124  1070.95  4826.69811   4826.7004   4.0  1  1
		 65  124  1270.40   4831.1204   4831.1213   4.0  1  1
		 65  124  2051.70   4847.8109   4847.8095   4.0  1  1
		 65  124  2078.35  4848.36261   4848.3625   4.0  1  1
		 65  124  2934.62  4865.47664   4865.4775   4.0  1  1
		 65  124  3704.54  4879.86559   4879.8635   4.0  1  1
		 66  125   636.41  4778.29655    4778.294   4.0  1  1
		 66  125  1129.82  4789.38631   4789.3868   4.0  1  1
		 66  125  1906.12   4806.0221   4806.0205   4.0  1  1
		 66  125  2008.06  4808.13375   4808.1337   4.0  1  1
		 66  125  2742.61  4822.85409   4822.8548   4.0  1  1
		 67  126  1844.19  4766.60166   4766.6006   4.0  1  1
		 67  126  2420.99  4778.29444    4778.294   4.0  1  1
		 67  126  2994.08  4789.38785   4789.3868   4.0  1  1
		 68  127   678.50  4703.99034   4703.9898   4.0  1  1
		 68  127  1573.25  4723.43894   4723.4382   4.0  1  1
		 68  127  1737.57  4726.86971   4726.8683   4.0  1  1
		 68  127  1989.99  4732.05552   4732.0532   4.0  1  1
		 68  127  2180.69  4735.90575   4735.9058   4.0  1  1
		 68  127  2862.47  4749.20096   4749.2002   4.0  1  1
		 68  127  3033.08  4752.41389   4752.4141   4.0  1  1
		 69  128   969.61  4673.66019   4673.6609   4.0  1  1
		 69  128  1079.97  4676.05867   4676.0555   4.0  1  1
		 69  128  1556.83  4686.19658   4686.1946   4.0  1  1
		 69  128  1770.54  4690.62189   4690.6219   4.0  1  1
		 69  128  1987.28   4695.0355   4695.0381   4.0  1  1
		 69  128  2353.00  4702.31429   4702.3161   4.0  1  1
		 69  128  2438.69  4703.98934   4703.9898   4.0  1  1
		 69  128  3480.19   4723.4362   4723.4382   4.0  1  1
		 70  129   960.54  4637.23304   4637.2328   4.0  1  1
		 70  129  1950.32  4657.90199   4657.9012   4.0  1  1
		 70  129  2759.94  4673.66058   4673.6609   4.0  1  1
		 71  130   831.15  4598.76464   4598.7627   4.0  1  1
		 71  130  1337.96  4609.56672   4609.5673   4.0  1  1
		 71  130  2734.19  4637.23424   4637.2328   4.0  1  1
		 72  131  1174.73  4570.97128   4570.9722   4.0  1  1
		 72  131  1579.62  4579.35016   4579.3495   4.0  1  1
		 72  131  2107.93  4589.89734   4589.8978   4.0  1  1
		 72  131  2393.59   4595.4204   4595.4206   4.0  1  1
		 72  131  2569.67  4598.76219   4598.7627   4.0  1  1
		 72  131  3156.93  4609.56684   4609.5673   4.0  1  1
		 73  132  1399.83  4540.99871    4540.999   4.0  1  1
		 73  132  1599.09  4545.05381   4545.0519   4.0  1  1
		 73  132  2143.02  4555.80993   4555.8127   4.0  1  1
		 73  132  3423.45  4579.35054   4579.3495   4.0  1  1
		 74  133   751.58  4493.33356   4493.3337   4.0  1  1
		 74  133  1208.14   4502.9265   4502.9268   4.0  1  1
		 74  133  1591.65  4510.73336   4510.7332   4.0  1  1
		 74  133  1812.16  4515.11939   4515.1182   4.0  1  1
		 74  133  2023.70  4519.25665   4519.2592   4.0  1  1
		 74  133  2124.19  4521.19808   4521.1939   4.0  1  1
		 74  133  2619.86  4530.54994   4530.5523   4.0  1  1
		 74  133  3430.60  4545.05181   4545.0519   4.0  1  1
		 75  134  1475.99  4474.75995   4474.7594   4.0  1  1
		 75  134  1831.81  4481.81201   4481.8107   4.0  1  1
		 75  134  2094.69  4486.89804   4486.8973   4.0  1  1
		 75  134  2309.68  4490.97979   4490.9816   4.0  1  1
		 75  134  2435.33  4493.33309   4493.3337   4.0  1  1
		 75  134  3406.69  4510.73157   4510.7332   4.0  1  1
		 76  135   715.60  4426.00313   4426.0011   4.0  1  1
		 76  135   915.30  4430.18966    4430.189   4.0  1  1
		 76  135  1091.86  4433.83977    4433.838   4.0  1  1
		 76  135  1368.36  4439.45954   4439.4614   4.0  1  1
		 76  135  1692.44  4445.89728   4445.9012   4.0  1  1
		 76  135  1845.34  4448.87906   4448.8792   4.0  1  1
		 76  135  2036.95  4452.56592   4452.5655   4.0  1  1
		 76  135  2324.74  4457.99954   4458.0015   4.0  1  1
		 76  135  3257.14  4474.75842   4474.7594   4.0  1  1
		 77  136  1079.50   4400.9857   4400.9863   4.0  1  1
		 77  136  1174.90  4402.92591   4402.9271   4.0  1  1
		 77  136  1472.20  4408.88298   4408.8828   4.0  1  1
		 77  136  1758.27  4414.48837   4414.4863   4.0  1  1
		 77  136  2366.64  4426.00047   4426.0011   4.0  1  1
		 77  136  2595.49  4430.18847    4430.189   4.0  1  1
		 77  136  2640.19  4430.99758   4430.9963   4.0  1  1
		 78  137  1028.70  4367.83005   4367.8316   4.0  1  1
		 78  137  1173.09  4370.75164   4370.7532   4.0  1  1
		 78  137  1434.07  4375.95185   4375.9542   4.0  1  1
		 78  137  1904.05  4385.05783   4385.0566   4.0  1  1
		 78  137  2226.15  4391.10841   4391.1105   4.0  1  1
		 78  137  2770.54  4400.98647   4400.9863   4.0  1  1
		 79  138   899.68  4333.55974   4333.5612   4.0  1  1
		 79  138   986.99   4335.3347   4335.3379   4.0  1  1
		 79  138  1630.57  4348.06417    4348.064   4.0  1  1
		 79  138  1847.01  4352.20584   4352.2049   4.0  1  1
		 79  138  2377.55   4362.0648   4362.0662   4.0  1  1
		 79  138  2864.57  4370.75261   4370.7532   4.0  1  1
		 80  139   787.68  4300.10383   4300.1008   4.0  1  1
		 80  139  1806.18  4320.12759   4320.1264   4.0  1  1
		 80  139  2405.91  4331.20027   4331.1995   4.0  1  1
		 80  139  2537.52  4333.56002   4333.5612   4.0  1  1
		 80  139  3379.41  4348.06525    4348.064   4.0  1  1
		 81  140   925.56   4272.1695   4272.1689   4.0  1  1
		 81  140  1195.03  4277.52519   4277.5282   4.0  1  1
		 81  140  1426.89  4282.04711   4282.0413   4.0  1  1
		 81  140  2396.55  4300.10099   4300.1008   4.0  1  1
		 82  141  1356.01  4250.31493   4250.3146   4.0  1  1
		 82  141  1733.49  4257.49654   4257.4963   4.0  1  1
		 82  141  1833.39  4259.36226   4259.3619   4.0  1  1
		 82  141  2211.07  4266.28504   4266.2864   4.0  1  1
		 82  141  2224.33  4266.52422   4266.5271   4.0  1  1
		 82  141  2541.35  4272.17038   4272.1689   4.0  1  1
		 82  141  2849.89  4277.52763   4277.5282   4.0  1  1
		 83  142   871.54   4210.9238   4210.9232   4.0  1  1
		 83  142  1069.21  4214.82556   4214.8285   4.0  1  1
		 83  142  1473.90  4222.63414   4222.6373   4.0  1  1
		 83  142  1767.87  4228.15628    4228.158   4.0  1  1
		 83  142  2167.42  4235.46144   4235.4636   4.0  1  1
		 83  142  2265.45  4237.21859   4237.2198   4.0  1  1
		 84  143   892.35  4181.88609   4181.8836   4.0  1  1
		 84  143  1347.54  4190.71073   4190.7129   4.0  1  1
		 84  143  1570.98  4194.93184   4194.9318   4.0  1  1
		 84  143  1753.00  4198.31732    4198.317   4.0  1  1
		 84  143  1881.28  4200.67451   4200.6745   4.0  1  1
		 84  143  2454.74  4210.92442   4210.9232   4.0  1  1
		 85  144  1188.84   4158.5875   4158.5905   4.0  1  1
		 85  144  1483.98  4164.17841   4164.1795   4.0  1  1
		 85  144  1827.64   4170.5304   4170.5333   4.0  1  1
		 85  144  2466.07  4181.88407   4181.8836   4.0  1  1
		 86  145  1284.37  4131.71916   4131.7235   4.0  1  1
		 86  145  1878.99  4142.69962    4142.701   4.0  1  1
		 86  145  2792.16   4158.5899   4158.5905   4.0  1  1
		 87  146  1121.12  4100.33745   4100.3414   4.0  1  1
		 87  146  1553.50  4108.41965   4108.4198   4.0  1  1
		 87  146  2012.70  4116.71254   4116.7137   4.0  1  1
		 87  146  2889.20  4131.72307   4131.7235   4.0  1  1
		 88  147  1097.83  4072.00379   4071.9967   4.0  1  1
		 88  147  1344.66  4076.62818   4076.6284   4.0  1  1
		 88  147  1888.97  4086.52083   4086.5205   4.0  1  1
		 88  147  2359.98  4094.74667    4094.747   4.0  1  1
		 88  147  2690.92   4100.3426   4100.3414   4.0  1  1
		 89  148  1013.13   4042.8934   4042.8937   4.0  1  1
		 89  148  1093.81  4044.41429   4044.4179   4.0  1  1
		 89  148  1554.34   4052.9196   4052.9208   4.0  1  1
		 89  148  1908.01  4059.24915   4059.2529   4.0  1  1
		 89  148  2145.71  4063.40524   4063.4071   4.0  1  1
		 90  149  1193.51  4019.12482   4019.1289   4.0  1  1
		 90  149  1841.72  4030.84387   4030.8424   4.0  1  1
		 90  149  2140.31  4036.04586   4036.0479   4.0  1  1
		 90  149  2544.68  4042.89561   4042.8937   4.0  1  1
		 90  149  2636.45  4044.41904   4044.4179   4.0  1  1
		 90  149  3161.81  4052.92181   4052.9208   4.0  1  1
		 91  150  2085.72  4008.20751   4008.2102   4.0  1  1
		 91  150  2337.80  4012.49508   4012.4952   4.0  1  1
		 91  150  2738.25  4019.12867   4019.1289   4.0  1  1
		 92  151  1951.06  3979.35649   3979.3559   4.0  1  1
		 93  152  1708.42  3948.98014   3948.9789   4.0  1  1
		 93  152  1789.75  3950.39683   3950.3951   4.0  1  1
		 93  152  2808.89   3967.3926   3967.3921   4.0  1  1
		 96  155  1475.95  3868.53252   3868.5284   4.0  1  1
		 96  155  1782.90  3873.82985   3873.8224   4.0  1  1
		 97  156  1245.39  3839.69795   3839.6953   4.0  1  1
		 97  156  1876.60  3850.58268   3850.5813   4.0  1  1
	offset	59
	niterate 0
	lowreject 3.
	highreject 3.
	coefficients	24
		1.
		4.
		4.
		1.
		1.
		4096.
		60.
		156.
		600904.9296713461
		5256.431985482626
		-210.9112757078252
		1.690622303514031
		15.7907178657434
		45.07577652862776
		-4.431351721254069
		0.1783261558859263
		2.200173082393975
		3.739640468241981
		-0.7056295140308134
		0.2013700772327673
		-0.1841484210595235
		1.122763633565644
		-0.1759990037080448
		-0.1177664668355699

