# Mon 16:12:47 08-Mar-2021
begin	ecidentify 20210213001_sum
	id	20210213001_sum
	task	ecidentify
	image	20210213001_sum
	units	angstroms
	features	450
		  4   63   499.95  9474.87522   9474.8793   4.0  1  1
		  4   63  1001.16  9497.19718   9497.1891   4.0  1  1
		  6   65   759.63  9194.63656   9194.6385   4.0  1  1
		  6   65   977.44  9203.96093   9203.9617   4.0  1  1
		  6   65  2530.66  9266.20945    9266.207   4.0  1  1
		  6   65  2800.49  9276.27594   9276.2732   4.0  1  1
		  6   65  3221.08  9291.53236   9291.5313   4.0  1  1
		  9   68  1006.88  8799.08687   8799.0875   4.0  1  1
		 10   69  1179.45  8678.41105   8678.4083   4.0  1  1
		 10   69  3076.02  8748.02793   8748.0309   4.0  1  1
		 10   69  3380.29  8758.24653   8758.2434   4.0  1  1
		 10   69  3484.57  8761.68925   8761.6862   4.0  1  1
		 11   70   808.17  8539.79483    8539.793   4.0  1  1
		 11   70  2570.92  8605.77553   8605.7762   4.0  1  1
		 11   70  2998.53  8620.45858   8620.4602   4.0  1  1
		 12   71   737.65  8416.72574   8416.7269   4.0  1  1
		 12   71   851.60  8421.22018   8421.2254   4.0  1  1
		 13   72  1287.02  8320.85659   8320.8554   4.0  1  1
		 13   72  1545.29  8330.45274   8330.4494   4.0  1  1
		 13   72  3111.91  8384.72127    8384.724   4.0  1  1
		 14   73    69.13  8159.73297   8159.7277   4.0  1  1
		 14   73   758.15  8186.91101   8186.9113   4.0  1  1
		 14   73  3292.69   8275.6253   8275.6266   4.0  1  1
		 15   74   166.05  8053.30935   8053.3085   4.0  1  1
		 15   74  1223.05  8093.62512   8093.6238   4.0  1  1
		 15   74  2647.16  8143.13577    8143.138   4.0  1  1
		 16   75   865.63  7972.59589    7972.596   4.0  1  1
		 16   75  1038.18  7978.96957   7978.9731   4.0  1  1
		 16   75  2581.49  8032.43201   8032.4313   4.0  1  1
		 16   75  3008.51  8046.11603   8046.1169   4.0  1  1
		 17   76  1518.56  7891.07709    7891.075   4.0  1  1
		 18   77  1528.43  7788.93635   7788.9342   4.0  1  1
		 18   77  2392.81  7817.77082   7817.7669   4.0  1  1
		 19   78   355.85  7647.37887   7647.3794   4.0  1  1
		 20   79   321.57  7549.31347   7549.3138   4.0  1  1
		 20   79  2344.72  7618.34782   7618.3443   4.0  1  1
		 21   80   776.07  7471.16061   7471.1641   4.0  1  1
		 21   80  1069.53  7481.35278   7481.3545   4.0  1  1
		 21   80  1156.34  7484.32587   7484.3267   4.0  1  1
		 21   80  1943.18  7510.40826   7510.4082   4.0  1  1
		 21   80  3214.81  7549.31568   7549.3138   4.0  1  1
		 22   81    55.92  7353.29144    7353.293   4.0  1  1
		 22   81  1187.64  7392.97992   7392.9801   4.0  1  1
		 22   81  2184.66  7425.29111   7425.2942   4.0  1  1
		 22   81  2512.05  7435.36812   7435.3683   4.0  1  1
		 23   82   658.98  7284.90226   7284.9033   4.0  1  1
		 23   82  1457.95  7311.71573   7311.7159   4.0  1  1
		 23   82  1590.37  7316.00767    7316.005   4.0  1  1
		 23   82  2717.38  7350.81134    7350.814   4.0  1  1
		 23   82  3461.17  7372.11402   7372.1184   4.0  1  1
		 24   83   950.50  7206.97694   7206.9804   4.0  1  1
		 24   83  1122.45  7212.68814   7212.6896   4.0  1  1
		 24   83  2817.81  7265.17186   7265.1724   4.0  1  1
		 24   83  3519.64  7284.90276   7284.9033   4.0  1  1
		 25   84   541.85  7107.47654   7107.4778   4.0  1  1
		 25   84  1053.28  7124.55987   7124.5607   4.0  1  1
		 26   85   385.50  7018.56735   7018.5675   4.0  1  1
		 26   85   733.37  7030.25183   7030.2514   4.0  1  1
		 26   85  1946.40  7068.73204   7068.7358   4.0  1  1
		 26   85  2466.53  7084.16963    7084.169   4.0  1  1
		 26   85  3295.40   7107.4769   7107.4778   4.0  1  1
		 27   86   406.70  6937.66348   6937.6642   4.0  1  1
		 27   86   584.90  6943.60747   6943.6105   4.0  1  1
		 27   86  1096.44  6960.25023     6960.25   4.0  1  1
		 27   86  2050.92  6989.65743   6989.6553   4.0  1  1
		 27   86  2431.88  7000.80369   7000.8036   4.0  1  1
		 27   86  3064.04  7018.56628   7018.5675   4.0  1  1
		 27   86  3498.69  7030.25363   7030.2514   4.0  1  1
		 28   87   508.18  6861.27139   6861.2688   4.0  1  1
		 28   87   815.76  6871.29403   6871.2891   4.0  1  1
		 28   87  1349.98    6888.175   6888.1742   4.0  1  1
		 28   87  2116.05  6911.22775   6911.2264   4.0  1  1
		 28   87  3055.21  6937.66179   6937.6642   4.0  1  1
		 28   87  3276.80  6943.60943   6943.6105   4.0  1  1
		 29   88   355.98  6778.31276   6778.3123   4.0  1  1
		 29   88   753.84  6791.23154   6791.2351   4.0  1  1
		 29   88  1990.00   6829.0361   6829.0355   4.0  1  1
		 29   88  2193.47  6834.92431   6834.9246   4.0  1  1
		 29   88  3146.51  6861.26873   6861.2688   4.0  1  1
		 29   88  3529.58   6871.2897   6871.2891   4.0  1  1
		 30   89  1155.64  6727.45589   6727.4583   4.0  1  1
		 30   89  2495.70  6766.61085   6766.6117   4.0  1  1
		 30   89  2925.23  6778.31322   6778.3123   4.0  1  1
		 31   90   687.24  6638.22023   6638.2207   4.0  1  1
		 31   90   862.42  6643.69586   6643.6976   4.0  1  1
		 31   90  1353.58  6658.67833   6658.6774   4.0  1  1
		 31   90  1474.01  6662.26883   6662.2686   4.0  1  1
		 31   90  1612.53  6666.35872   6666.3588   4.0  1  1
		 31   90  1989.72  6677.27854   6677.2817   4.0  1  1
		 31   90  2237.91  6684.29128   6684.2929   4.0  1  1
		 32   91  1076.58  6577.21481   6577.2146   4.0  1  1
		 32   91  1300.02  6583.91655    6583.906   4.0  1  1
		 32   91  1456.27  6588.53722   6588.5396   4.0  1  1
		 32   91  1557.01  6591.48733   6591.4845   4.0  1  1
		 32   91  1641.31  6593.93902   6593.9391   4.0  1  1
		 32   91  2571.09  6619.94341   6619.9458   4.0  1  1
		 33   92   584.67  6490.73649   6490.7372   4.0  1  1
		 33   92  1300.35  6512.36234   6512.3639   4.0  1  1
		 33   92  1961.51  6531.33864   6531.3418   4.0  1  1
		 33   92  2804.46  6554.15791   6554.1603   4.0  1  1
		 34   93   293.19  6411.90247   6411.8991   4.0  1  1
		 34   93   434.56  6416.30935   6416.3071   4.0  1  1
		 34   93  1823.90  6457.28245   6457.2824   4.0  1  1
		 35   94   266.61  6342.86122   6342.8595   4.0  1  1
		 35   94   457.03  6348.73588   6348.7375   4.0  1  1
		 35   94  1236.10  6371.94672   6371.9436   4.0  1  1
		 35   94  1409.37  6376.93008   6376.9305   4.0  1  1
		 35   94  1684.81  6384.71936   6384.7169   4.0  1  1
		 35   94  1780.85  6387.39684   6387.3957   4.0  1  1
		 35   94  2694.70   6411.8968   6411.8991   4.0  1  1
		 35   94  2761.33  6413.61411   6413.6145   4.0  1  1
		 35   94  2866.45   6416.3051   6416.3071   4.0  1  1
		 36   95   959.64  6296.87206   6296.8722   4.0  1  1
		 36   95  1333.65  6307.65832    6307.657   4.0  1  1
		 36   95  1622.06  6315.77193    6315.775   4.0  1  1
		 36   95  2042.21  6327.27666   6327.2778   4.0  1  1
		 36   95  2634.26  6342.85954   6342.8595   4.0  1  1
		 36   95  2761.86  6346.12244   6346.1209   4.0  1  1
		 37   96   152.59  6207.22603   6207.2201   4.0  1  1
		 37   96   728.24  6224.52483   6224.5272   4.0  1  1
		 37   96  1083.70  6234.85249   6234.8554   4.0  1  1
		 37   96  1375.09  6243.11867   6243.1201   4.0  1  1
		 37   96  1895.04  6257.42474   6257.4237   4.0  1  1
		 37   96  2529.48  6274.11745   6274.1166   4.0  1  1
		 37   96  3450.18  6296.87065   6296.8722   4.0  1  1
		 38   97   444.28  6151.99342   6151.9929   4.0  1  1
		 38   97   870.58  6164.47777   6164.4796   4.0  1  1
		 38   97  1057.17  6169.82145   6169.8221   4.0  1  1
		 38   97  1143.82  6172.27785   6172.2778   4.0  1  1
		 38   97  1515.29  6182.63123   6182.6217   4.0  1  1
		 38   97  1716.72  6188.12508   6188.1251   4.0  1  1
		 38   97  1857.16  6191.90548   6191.9053   4.0  1  1
		 38   97  2297.31  6203.49053   6203.4925   4.0  1  1
		 38   97  2442.21  6207.21741   6207.2201   4.0  1  1
		 38   97  3138.24  6224.52393   6224.5272   4.0  1  1
		 39   98  1013.55  6105.63329   6105.6351   4.0  1  1
		 39   98  1346.51  6114.92322   6114.9234   4.0  1  1
		 39   98  1698.02  6124.48205   6124.4805   4.0  1  1
		 39   98  2237.18  6138.65083   6138.6465   4.0  1  1
		 39   98  2503.74  6145.43765   6145.4411   4.0  1  1
		 39   98  2766.68  6151.99155   6151.9929   4.0  1  1
		 39   98  3283.81  6164.47666   6164.4796   4.0  1  1
		 39   98  3512.31  6169.82405   6169.8221   4.0  1  1
		 40   99   596.90  6032.12782   6032.1274   4.0  1  1
		 40   99   791.39  6037.69547   6037.6975   4.0  1  1
		 40   99   987.29  6043.22438   6043.2233   4.0  1  1
		 40   99  1196.81  6049.05019    6049.051   4.0  1  1
		 40   99  1576.33  6059.37301   6059.3725   4.0  1  1
		 40   99  1941.25  6069.02197   6069.0207   4.0  1  1
		 40   99  2692.07  6088.02946   6088.0305   4.0  1  1
		 40   99  3138.88  6098.80646   6098.8031   4.0  1  1
		 40   99  3840.04  6114.92568   6114.9234   4.0  1  1
		 41  100   662.21  5973.66384   5973.6649   4.0  1  1
		 41  100  1214.54  5989.04385   5989.0447   4.0  1  1
		 41  100  1402.19  5994.12741   5994.1287   4.0  1  1
		 41  100  1892.41  6007.07214   6007.0722   4.0  1  1
		 41  100  2012.24  6010.16274   6010.1606   4.0  1  1
		 41  100  2442.93  6021.03463   6021.0357   4.0  1  1
		 41  100  2898.18  6032.12648   6032.1274   4.0  1  1
		 41  100  3133.38  6037.69713   6037.6975   4.0  1  1
		 41  100  3627.61  6049.05147    6049.051   4.0  1  1
		 42  101   576.10  5912.08591   5912.0853   4.0  1  1
		 42  101  1180.09  5928.81457    5928.813   4.0  1  1
		 42  101  1554.90  5938.82541   5938.8252   4.0  1  1
		 42  101  1777.91  5944.64821   5944.6472   4.0  1  1
		 42  101  3010.83  5975.06485   5975.0648   4.0  1  1
		 42  101  3622.13  5989.04683   5989.0447   4.0  1  1
		 42  101  3852.56  5994.13092   5994.1287   4.0  1  1
		 43  102   798.62  5860.31069   5860.3103   4.0  1  1
		 43  102  1198.52  5871.18327   5871.1828   4.0  1  1
		 43  102  1632.63  5882.62451   5882.6242   4.0  1  1
		 43  102  1751.85  5885.70118   5885.7016   4.0  1  1
		 43  102  2822.57  5912.08439   5912.0853   4.0  1  1
		 44  103   704.32  5800.82716   5800.8297   4.0  1  1
		 44  103   825.22  5804.13899   5804.1412   4.0  1  1
		 44  103  1245.21  5815.41832   5815.4219   4.0  1  1
		 44  103  2736.63  5852.67635   5852.6806   4.0  1  1
		 44  103  3065.37  5860.31085   5860.3103   4.0  1  1
		 45  104  1000.14   5753.0241   5753.0265   4.0  1  1
		 45  104  1285.06  5760.54341   5760.5508   4.0  1  1
		 45  104  1399.85  5763.52811    5763.529   4.0  1  1
		 45  104  2449.89  5789.64335   5789.6451   4.0  1  1
		 45  104  2927.73  5800.82775   5800.8297   4.0  1  1
		 45  104  3073.00  5804.14231   5804.1412   4.0  1  1
		 46  105  1340.16   5707.1043   5707.1033   4.0  1  1
		 46  105  1857.81  5720.18109   5720.1828   4.0  1  1
		 46  105  2069.88  5725.39002   5725.3885   4.0  1  1
		 46  105  2663.77  5739.52164   5739.5196   4.0  1  1
		 46  105  3259.34  5753.02586   5753.0265   4.0  1  1
		 46  105  3604.59  5760.55168   5760.5508   4.0  1  1
		 47  106   820.58  5639.74368   5639.7461   4.0  1  1
		 47  106  1240.22  5650.70431   5650.7043   4.0  1  1
		 47  106  1524.01  5657.92464   5657.9255   4.0  1  1
		 47  106  1895.05  5667.13258   5667.1281   4.0  1  1
		 48  107   531.58  5579.35835   5579.3583   4.0  1  1
		 48  107   820.22  5587.02478   5587.0263   4.0  1  1
		 48  107  1129.56  5595.06318   5595.0635   4.0  1  1
		 48  107  1386.56   5601.6026   5601.6032   4.0  1  1
		 48  107  1591.83  5606.73551    5606.733   4.0  1  1
		 48  107  1942.54  5615.32111   5615.3195   4.0  1  1
		 48  107  2996.84  5639.74655   5639.7461   4.0  1  1
		 49  108   973.46  5539.26035   5539.2618   4.0  1  1
		 49  108  1115.08  5542.88827     5542.89   4.0  1  1
		 49  108  1324.15  5548.17498   5548.1758   4.0  1  1
		 49  108  1750.63  5558.70412    5558.702   4.0  1  1
		 49  108  2368.38  5573.35312   5573.3535   4.0  1  1
		 49  108  2630.60  5579.35802   5579.3583   4.0  1  1
		 49  108  2973.75  5587.02561   5587.0263   4.0  1  1
		 49  108  3344.29  5595.06436   5595.0635   4.0  1  1
		 50  109  1139.09  5492.64206   5492.6435   4.0  1  1
		 50  109  1268.01  5495.87652   5495.8738   4.0  1  1
		 50  109  1404.04  5499.25553   5499.2554   4.0  1  1
		 50  109  1609.78  5504.30084   5504.3018   4.0  1  1
		 50  109  1845.95  5509.99527   5509.9938   4.0  1  1
		 50  109  2051.82  5514.87507   5514.8731   4.0  1  1
		 50  109  3134.46  5539.26102   5539.2618   4.0  1  1
		 52  111   856.77  5386.61059   5386.6107   4.0  1  1
		 52  111  1182.91  5394.75925   5394.7608   4.0  1  1
		 52  111  1715.85  5407.65351   5407.6535   4.0  1  1
		 52  111  2137.37  5417.48523   5417.4858   4.0  1  1
		 52  111  2424.88  5424.00711   5424.0079   4.0  1  1
		 52  111  2745.80  5431.11134    5431.112   4.0  1  1
		 53  112  1060.38  5343.58023   5343.5812   4.0  1  1
		 53  112  1239.35  5347.97016   5347.9714   4.0  1  1
		 53  112  1748.88  5360.14867   5360.1501   4.0  1  1
		 53  112  2390.66    5374.822   5374.8219   4.0  1  1
		 53  112  2584.66  5379.11274   5379.1105   4.0  1  1
		 53  112  2931.12  5386.60917   5386.6107   4.0  1  1
		 54  113  1142.00  5298.28357   5298.2824   4.0  1  1
		 54  113  1718.15  5312.00152   5312.0018   4.0  1  1
		 54  113  1956.11  5317.49347   5317.4944   4.0  1  1
		 54  113  2377.68  5326.97547   5326.9756   4.0  1  1
		 54  113  3152.25  5343.58055   5343.5812   4.0  1  1
		 55  114   970.71  5247.64953   5247.6547   4.0  1  1
		 55  114  1416.41  5258.35898   5258.3602   4.0  1  1
		 55  114  1490.41  5260.10269   5260.1041   4.0  1  1
		 55  114  1774.71  5266.71098   5266.7103   4.0  1  1
		 55  114  2101.15  5274.12187   5274.1188   4.0  1  1
		 55  114  2415.05  5281.07094   5281.0687   4.0  1  1
		 56  115   716.96  5195.81325   5195.8136   4.0  1  1
		 56  115   853.59  5199.16792   5199.1637   4.0  1  1
		 56  115  1356.56  5211.23026   5211.2305   4.0  1  1
		 56  115  1695.74  5219.11087   5219.1099   4.0  1  1
		 56  115  2232.14  5231.16008   5231.1597   4.0  1  1
		 56  115  3005.78  5247.65683   5247.6547   4.0  1  1
		 56  115  3535.53  5258.35968   5258.3602   4.0  1  1
		 57  116   849.28  5154.24215    5154.243   4.0  1  1
		 57  116  1030.45  5158.60325   5158.6041   4.0  1  1
		 57  116  1234.97  5163.45668   5163.4584   4.0  1  1
		 57  116  1821.39  5176.96455    5176.961   4.0  1  1
		 57  116  2309.37   5187.7477   5187.7462   4.0  1  1
		 57  116  2687.11  5195.81221   5195.8136   4.0  1  1
		 57  116  2847.77    5199.168   5199.1637   4.0  1  1
		 58  117  1052.83  5115.04263   5115.0448   4.0  1  1
		 58  117  1633.41  5128.49145   5128.4897   4.0  1  1
		 58  117  1912.48  5134.74719    5134.746   4.0  1  1
		 58  117  2233.74  5141.78245   5141.7827   4.0  1  1
		 58  117  2397.94  5145.30968   5145.3083   4.0  1  1
		 58  117  2696.85  5151.61287    5151.612   4.0  1  1
		 58  117  2823.72  5154.24217    5154.243   4.0  1  1
		 58  117  3037.15  5158.60399   5158.6041   4.0  1  1
		 58  117  3220.49  5162.28951   5162.2846   4.0  1  1
		 59  118   647.72  5062.04038   5062.0371   4.0  1  1
		 59  118   895.15  5067.97115   5067.9737   4.0  1  1
		 59  118  2153.38  5096.48401   5096.4848   4.0  1  1
		 59  118  3044.61  5115.04418   5115.0448   4.0  1  1
		 60  119  1496.27  5039.23058   5039.2303   4.0  1  1
		 60  119  1742.41  5044.72196   5044.7195   4.0  1  1
		 60  119  1974.32  5049.80137    5049.796   4.0  1  1
		 60  119  2550.93  5062.03603   5062.0371   4.0  1  1
		 60  119  2840.67  5067.97293   5067.9737   4.0  1  1
		 61  120   975.36  4985.37154   4985.3725   4.0  1  1
		 61  120  1146.00   4989.3101   4989.3086   4.0  1  1
		 61  120  1715.62  5002.09767   5002.0972   4.0  1  1
		 61  120  2049.40  5009.33511   5009.3344   4.0  1  1
		 61  120  2420.94  5017.17117   5017.1628   4.0  1  1
		 61  120  2548.43   5019.8067   5019.8062   4.0  1  1
		 61  120  2986.15  5028.65091   5028.6556   4.0  1  1
		 62  121   780.30  4939.64293   4939.6422   4.0  1  1
		 62  121  1031.37  4945.45744   4945.4587   4.0  1  1
		 62  121  1915.46  4965.08121   4965.0795   4.0  1  1
		 62  121  2249.66  4972.15758   4972.1597   4.0  1  1
		 62  121  2898.68  4985.37112   4985.3725   4.0  1  1
		 63  122   600.51  4894.95636   4894.9551   4.0  1  1
		 63  122  1023.76  4904.74742   4904.7516   4.0  1  1
		 63  122  1369.98  4912.53128   4912.5293   4.0  1  1
		 63  122  1702.48  4919.81716   4919.8157   4.0  1  1
		 63  122  2336.87  4933.20831   4933.2091   4.0  1  1
		 63  122  2653.41  4939.64202   4939.6422   4.0  1  1
		 63  122  2946.76  4945.45812   4945.4587   4.0  1  1
		 64  123  1050.59  4865.47675   4865.4775   4.0  1  1
		 64  123  1384.82  4872.91972   4872.9169   4.0  1  1
		 64  123  1651.90  4878.73359    4878.733   4.0  1  1
		 64  123  1704.88  4879.87279   4879.8635   4.0  1  1
		 64  123  2139.46  4889.04286   4889.0422   4.0  1  1
		 64  123  2427.75  4894.95523   4894.9551   4.0  1  1
		 65  124   900.22  4822.85586   4822.8548   4.0  1  1
		 65  124  1071.14  4826.69816   4826.7004   4.0  1  1
		 65  124  1270.58     4831.12   4831.1213   4.0  1  1
		 65  124  2051.88  4847.81083   4847.8095   4.0  1  1
		 65  124  2078.50  4848.36203   4848.3625   4.0  1  1
		 65  124  2934.77  4865.47561   4865.4775   4.0  1  1
		 65  124  3704.89  4879.86521   4879.8635   4.0  1  1
		 66  125   636.54  4778.29566    4778.294   4.0  1  1
		 66  125  1130.04  4789.38688   4789.3868   4.0  1  1
		 66  125  1906.30  4806.02203   4806.0205   4.0  1  1
		 66  125  2008.26  4808.13405   4808.1337   4.0  1  1
		 66  125  2742.84  4822.85492   4822.8548   4.0  1  1
		 67  126  1844.32  4766.60049   4766.6006   4.0  1  1
		 67  126  2421.11  4778.29324    4778.294   4.0  1  1
		 67  126  2994.25   4789.3871   4789.3868   4.0  1  1
		 68  127   678.69  4703.99078   4703.9898   4.0  1  1
		 68  127  1573.42  4723.43847   4723.4382   4.0  1  1
		 68  127  1737.77  4726.86993   4726.8683   4.0  1  1
		 68  127  1990.16  4732.05524   4732.0532   4.0  1  1
		 68  127  2180.89  4735.90619   4735.9058   4.0  1  1
		 68  127  2862.64   4749.2004   4749.2002   4.0  1  1
		 68  127  3033.25  4752.41319   4752.4141   4.0  1  1
		 69  128   969.77   4673.6596   4673.6609   4.0  1  1
		 69  128  1080.27  4676.06109   4676.0555   4.0  1  1
		 69  128  1556.94  4686.19498   4686.1946   4.0  1  1
		 69  128  1770.82  4690.62356   4690.6219   4.0  1  1
		 69  128  1987.46  4695.03528   4695.0381   4.0  1  1
		 69  128  2353.30  4702.31672   4702.3161   4.0  1  1
		 69  128  2438.86   4703.9893   4703.9898   4.0  1  1
		 69  128  3480.53  4723.43674   4723.4382   4.0  1  1
		 70  129   960.67  4637.23186   4637.2328   4.0  1  1
		 70  129  1950.58  4657.90338   4657.9012   4.0  1  1
		 70  129  2760.18  4673.66155   4673.6609   4.0  1  1
		 71  130   831.39  4598.76596   4598.7627   4.0  1  1
		 71  130  1338.28  4609.56934   4609.5673   4.0  1  1
		 71  130  2734.33  4637.23336   4637.2328   4.0  1  1
		 72  131  1175.03  4570.97347   4570.9722   4.0  1  1
		 72  131  1579.82  4579.35012   4579.3495   4.0  1  1
		 72  131  2108.11  4589.89747   4589.8978   4.0  1  1
		 72  131  2393.71  4595.41925   4595.4206   4.0  1  1
		 72  131  2569.87  4598.76264   4598.7627   4.0  1  1
		 72  131  3157.10  4609.56586   4609.5673   4.0  1  1
		 73  132  1399.97  4540.99741    4540.999   4.0  1  1
		 73  132  1599.39  4545.05576   4545.0519   4.0  1  1
		 73  132  2143.39  4555.81359   4555.8127   4.0  1  1
		 73  132  3423.67  4579.34933   4579.3495   4.0  1  1
		 74  133   751.87  4493.33631   4493.3337   4.0  1  1
		 74  133  1208.26  4502.92495   4502.9268   4.0  1  1
		 74  133  1591.86  4510.73379   4510.7332   4.0  1  1
		 74  133  1812.32  4515.11883   4515.1182   4.0  1  1
		 74  133  2023.83   4519.2556   4519.2592   4.0  1  1
		 74  133  2124.37  4521.19812   4521.1939   4.0  1  1
		 74  133  2620.12  4530.55141   4530.5523   4.0  1  1
		 74  133  3430.82  4545.05053   4545.0519   4.0  1  1
		 75  134  1476.22  4474.76051   4474.7594   4.0  1  1
		 75  134  1832.01  4481.81206   4481.8107   4.0  1  1
		 75  134  2094.85  4486.89753   4486.8973   4.0  1  1
		 75  134  2309.77  4490.97799   4490.9816   4.0  1  1
		 75  134  2435.52  4493.33329   4493.3337   4.0  1  1
		 75  134  3407.10  4510.73367   4510.7332   4.0  1  1
		 76  135   715.79  4426.00388   4426.0011   4.0  1  1
		 76  135   915.33  4430.18667    4430.189   4.0  1  1
		 76  135  1092.17   4433.8422    4433.838   4.0  1  1
		 76  135  1368.67  4439.46169   4439.4614   4.0  1  1
		 76  135  1692.67  4445.89781   4445.9012   4.0  1  1
		 76  135  1845.55  4448.87944   4448.8792   4.0  1  1
		 76  135  2037.11   4452.5653   4452.5655   4.0  1  1
		 76  135  2324.94   4457.9999   4458.0015   4.0  1  1
		 76  135  3257.44  4474.75928   4474.7594   4.0  1  1
		 77  136  1079.60  4400.98391   4400.9863   4.0  1  1
		 77  136  1175.05  4402.92492   4402.9271   4.0  1  1
		 77  136  1472.31  4408.88121   4408.8828   4.0  1  1
		 77  136  1758.32  4414.48564   4414.4863   4.0  1  1
		 77  136  2366.84  4426.00099   4426.0011   4.0  1  1
		 77  136  2595.64  4430.18794    4430.189   4.0  1  1
		 77  136  2640.38  4430.99773   4430.9963   4.0  1  1
		 78  137  1028.89  4367.83021   4367.8316   4.0  1  1
		 78  137  1173.22  4370.75022   4370.7532   4.0  1  1
		 78  137  1434.28  4375.95206   4375.9542   4.0  1  1
		 78  137  1904.23   4385.0577   4385.0566   4.0  1  1
		 78  137  2226.37  4391.10909   4391.1105   4.0  1  1
		 78  137  2770.73  4400.98655   4400.9863   4.0  1  1
		 79  138   899.94  4333.56151   4333.5612   4.0  1  1
		 79  138   987.34  4335.33822   4335.3379   4.0  1  1
		 79  138  1630.78   4348.0644    4348.064   4.0  1  1
		 79  138  1847.26  4352.20691   4352.2049   4.0  1  1
		 79  138  2377.79  4362.06584   4362.0662   4.0  1  1
		 79  138  2864.73    4370.752   4370.7532   4.0  1  1
		 80  139   787.78  4300.10268   4300.1008   4.0  1  1
		 80  139  1806.30  4320.12628   4320.1264   4.0  1  1
		 80  139  2406.06   4331.1998   4331.1995   4.0  1  1
		 80  139  2537.69  4333.55972   4333.5612   4.0  1  1
		 80  139  3379.60  4348.06404    4348.064   4.0  1  1
		 81  140   925.73  4272.16938   4272.1689   4.0  1  1
		 81  140  1195.24  4277.52567   4277.5282   4.0  1  1
		 81  140  1427.14  4282.04802   4282.0413   4.0  1  1
		 81  140  2396.73  4300.10103   4300.1008   4.0  1  1
		 82  141  1356.23  4250.31529   4250.3146   4.0  1  1
		 82  141  1733.59   4257.4946   4257.4963   4.0  1  1
		 82  141  1833.58   4259.3621   4259.3619   4.0  1  1
		 82  141  2211.18  4266.28358   4266.2864   4.0  1  1
		 82  141  2224.51  4266.52412   4266.5271   4.0  1  1
		 82  141  2541.43  4272.16857   4272.1689   4.0  1  1
		 82  141  2850.09  4277.52787   4277.5282   4.0  1  1
		 83  142   871.61  4210.92219   4210.9232   4.0  1  1
		 83  142  1069.52   4214.8281   4214.8285   4.0  1  1
		 83  142  1474.20  4222.63602   4222.6373   4.0  1  1
		 83  142  1768.18  4228.15845    4228.158   4.0  1  1
		 83  142  2167.55  4235.46037   4235.4636   4.0  1  1
		 83  142  2265.59  4237.21775   4237.2198   4.0  1  1
		 84  143   892.18   4181.8797   4181.8836   4.0  1  1
		 84  143  1347.68  4190.70975   4190.7129   4.0  1  1
		 84  143  1571.36  4194.93526   4194.9318   4.0  1  1
		 84  143  1753.17  4198.31671    4198.317   4.0  1  1
		 84  143  1881.48  4200.67445   4200.6745   4.0  1  1
		 84  143  2454.89  4210.92374   4210.9232   4.0  1  1
		 85  144  1189.00  4158.58712   4158.5905   4.0  1  1
		 85  144  1484.13  4164.17754   4164.1795   4.0  1  1
		 85  144  1827.88  4170.53121   4170.5333   4.0  1  1
		 85  144  2466.21  4181.88326   4181.8836   4.0  1  1
		 86  145  1284.61  4131.72023   4131.7235   4.0  1  1
		 86  145  1879.14  4142.69886    4142.701   4.0  1  1
		 86  145  2792.38  4158.59038   4158.5905   4.0  1  1
		 87  146  1121.20   4100.3358   4100.3414   4.0  1  1
		 87  146  1553.64  4108.41863   4108.4198   4.0  1  1
		 87  146  2012.84  4116.71154   4116.7137   4.0  1  1
		 87  146  2889.39  4131.72304   4131.7235   4.0  1  1
		 88  147  1097.88   4072.0016   4071.9967   4.0  1  1
		 88  147  1344.82   4076.6277   4076.6284   4.0  1  1
		 88  147  1889.09  4086.51948   4086.5205   4.0  1  1
		 88  147  2360.27  4094.74828    4094.747   4.0  1  1
		 88  147  2691.06  4100.34182   4100.3414   4.0  1  1
		 89  148  1013.34  4042.89438   4042.8937   4.0  1  1
		 89  148  1094.13  4044.41724   4044.4179   4.0  1  1
		 89  148  1554.57  4052.92026   4052.9208   4.0  1  1
		 89  148  1908.10  4059.24719   4059.2529   4.0  1  1
		 89  148  2145.95  4063.40603   4063.4071   4.0  1  1
		 90  149  1193.83  4019.12772   4019.1289   4.0  1  1
		 90  149  1841.87  4030.84293   4030.8424   4.0  1  1
		 90  149  2140.47   4036.0452   4036.0479   4.0  1  1
		 90  149  2544.86  4042.89526   4042.8937   4.0  1  1
		 90  149  2636.55   4044.4175   4044.4179   4.0  1  1
		 90  149  3162.01  4052.92193   4052.9208   4.0  1  1
		 91  150  2086.01  4008.20907   4008.2102   4.0  1  1
		 91  150  2338.03  4012.49547   4012.4952   4.0  1  1
		 91  150  2738.52  4019.13003   4019.1289   4.0  1  1
		 92  151  1951.40  3979.35889   3979.3559   4.0  1  1
		 93  152  1708.56  3948.97913   3948.9789   4.0  1  1
		 93  152  1789.91  3950.39628   3950.3951   4.0  1  1
		 93  152  2809.17  3967.39398   3967.3921   4.0  1  1
		 96  155  1475.86  3868.52789   3868.5284   4.0  1  1
		 96  155  1783.02  3873.82844   3873.8224   4.0  1  1
		 97  156  1245.63  3839.69964   3839.6953   4.0  1  1
		 97  156  1876.99   3850.5858   3850.5813   4.0  1  1
	offset	59
	niterate 0
	lowreject 3.
	highreject 3.
	coefficients	24
		1.
		4.
		4.
		1.
		1.
		4096.
		60.
		156.
		600904.4532855616
		5256.26824166394
		-210.8624814835281
		1.622877137823757
		15.92364014921513
		44.89430253924818
		-4.333673089995854
		0.1017985997399627
		2.238280867073521
		3.631377053666654
		-0.6183517289747483
		0.1463835975490661
		-0.0388207570293646
		1.33624687414925
		-0.01995007572359984
		0.01799148964938127

