# Tue 11:55:24 09-Nov-2021
begin	ecidentify ljg2m401-yf01-20210105-0051-x00_sum
	id	ljg2m401-yf01-20210105-0051-x00_sum
	task	ecidentify
	image	ljg2m401-yf01-20210105-0051-x00_sum
	units	angstroms
	features	60
		  1    7   278.69  8002.45821    8002.458   4.0  1  1
		  1    7   785.23  8495.35772     8495.36   4.0  1  1
		  1    7   966.85  8654.38441    8654.383   4.0  1  1
		  2    8   201.51  7065.18762    7065.188   4.0  1  1
		  2    8   468.05  7245.16667    7245.167   4.0  1  1
		  2    8   739.08  7438.90343    7438.899   4.0  1  1
		  2    8  1780.95  8300.30588     8300.33   4.0  1  1
		  2    8  1863.72  8377.62742     8377.61   4.0  1  1
		  2    8  2129.20  8634.67311     8634.65   4.0  1  1
		  2    8  2148.94  8654.36285    8654.383   4.0  1  1
		  3    9   167.40  6304.79634   6304.7892   4.0  1  1
		  3    9   218.91  6334.42828   6334.4279   4.0  1  1
		  3    9   302.20  6382.97415   6382.9914   4.0  1  1
		  3    9   334.87  6402.24432    6402.246   4.0  1  1
		  3    9   507.87  6506.53566   6506.5279   4.0  1  1
		  3    9   550.58  6532.89215   6532.8824   4.0  1  1
		  3    9   655.90  6598.96026   6598.9529   4.0  1  1
		  3    9   779.02  6678.18999      6678.2   4.0  1  1
		  3    9   838.17  6717.03691   6717.0428   4.0  1  1
		  3    9  1148.41  6929.44911    6929.468   4.0  1  1
		  3    9  1291.44  7032.41176   7032.4127   4.0  1  1
		  3    9  1481.03  7173.95826    7173.939   4.0  1  1
		  3    9  1573.55  7245.18723    7245.167   4.0  1  1
		  3    9  1619.83  7281.35816    7281.349   4.0  1  1
		  3    9  1876.70  7488.87056    7488.872   4.0  1  1
		  3    9  1932.80  7535.76027     7535.78   4.0  1  1
		  4   10   424.75  5852.47305   5852.4878   4.0  1  1
		  4   10   467.89  5875.64766    5875.618   4.0  1  1
		  4   10   594.12  5944.80806   5944.8342   4.0  1  1
		  4   10   821.06   6074.3417   6074.3377   4.0  1  1
		  4   10   858.18   6096.1723    6096.163   4.0  1  1
		  4   10   936.89  6143.06996   6143.0623   4.0  1  1
		  4   10   970.90  6163.59406   6163.5939   4.0  1  1
		  4   10  1058.67  6217.28473   6217.2813   4.0  1  1
		  4   10  1137.63   6266.4983    6266.495   4.0  1  1
		  4   10  1198.12  6304.78808   6304.7892   4.0  1  1
		  4   10  1244.38  6334.42383   6334.4279   4.0  1  1
		  4   10  1319.18  6382.98675   6382.9914   4.0  1  1
		  4   10  1542.49  6532.85492   6532.8824   4.0  1  1
		  4   10  2085.15  6929.47833    6929.468   4.0  1  1
		  4   10  2215.83  7032.38389   7032.4127   4.0  1  1
		  4   10  2256.73  7065.21843    7065.188   4.0  1  1
		  4   10  2389.48  7173.94584    7173.939   4.0  1  1
		  4   10  2474.26  7245.15956    7245.167   4.0  1  1
		  5   11  1496.77  5944.81031   5944.8342   4.0  1  1
		  5   11  1633.78  6030.01018   6029.9971   4.0  1  1
		  5   11  1703.52  6074.35962   6074.3377   4.0  1  1
		  5   11  1737.46  6096.19395    6096.163   4.0  1  1
		  5   11  1840.61  6163.58174   6163.5939   4.0  1  1
		  5   11  1993.62  6266.48002    6266.495   4.0  1  1
		  5   11  2091.81  6334.41161   6334.4279   4.0  1  1
		  5   11  2331.22  6506.53939   6506.5279   4.0  1  1
		  5   11  2454.44  6598.94916   6598.9529   4.0  1  1
		  6   12  1976.24  5764.40934    5764.418   4.0  1  1
		  6   12  2116.45  5852.46503   5852.4878   4.0  1  1
		  6   12  2152.59  5875.64465    5875.618   4.0  1  1
		  6   12  2258.71  5944.84802   5944.8342   4.0  1  1
		  6   12  2450.60  6074.31127   6074.3377   4.0  1  1
		  6   12  2482.16  6096.17422    6096.163   4.0  1  1
		  6   12  2548.97  6143.06691   6143.0623   4.0  1  1
# Tue 22:19:35 09-Nov-2021
begin	ecidentify ljg2m401-yf01-20210105-0051-x00_sum
	id	ljg2m401-yf01-20210105-0051-x00_sum
	task	ecidentify
	image	ljg2m401-yf01-20210105-0051-x00_sum
	units	angstroms
	features	55
		  1   48   278.69  8002.45803    8002.458   4.0  1  1
		  1   48   785.23  8495.35964     8495.36   4.0  1  1
		  1   48   966.85  8654.38349    8654.383   4.0  1  1
		  2   49   201.51  7065.18767    7065.188   4.0  1  1
		  2   49   468.05  7245.16821    7245.167   4.0  1  1
		  2   49   739.08  7438.89777    7438.899   4.0  1  1
		  2   49  1780.95  8300.32695     8300.33   4.0  1  1
		  2   49  1863.72  8377.61295     8377.61   4.0  1  1
		  2   49  2148.94  8654.38272    8654.383   4.0  1  1
		  3   50   167.40   6304.7975   6304.7892   4.0  1  1
		  3   50   218.91  6334.42581   6334.4279   4.0  1  1
		  3   50   302.20  6382.97556   6382.9914   4.0  1  1
		  3   50   334.87  6402.24481    6402.246   4.0  1  1
		  3   50   507.87  6506.53544   6506.5279   4.0  1  1
		  3   50   550.58    6532.891   6532.8824   4.0  1  1
		  3   50   655.90  6598.95828   6598.9529   4.0  1  1
		  3   50   779.02  6678.19055      6678.2   4.0  1  1
		  3   50   838.17  6717.04204   6717.0428   4.0  1  1
		  3   50  1148.41    6929.459    6929.468   4.0  1  1
		  3   50  1291.44  7032.41848   7032.4127   4.0  1  1
		  3   50  1481.03  7173.95316    7173.939   4.0  1  1
		  3   50  1573.55  7245.17047    7245.167   4.0  1  1
		  3   50  1619.83  7281.33573    7281.349   4.0  1  1
		  3   50  1876.70  7488.86649    7488.872   4.0  1  1
		  3   50  1932.80  7535.78533     7535.78   4.0  1  1
		  4   51   424.75  5852.48517   5852.4878   4.0  1  1
		  4   51   594.12  5944.83942   5944.8342   4.0  1  1
		  4   51   821.06  6074.33987   6074.3377   4.0  1  1
		  4   51   858.18  6096.16676    6096.163   4.0  1  1
		  4   51   936.89  6143.06107   6143.0623   4.0  1  1
		  4   51   970.90  6163.58336   6163.5939   4.0  1  1
		  4   51  1058.67   6217.2776   6217.2813   4.0  1  1
		  4   51  1137.63  6266.49428    6266.495   4.0  1  1
		  4   51  1198.12  6304.79037   6304.7892   4.0  1  1
		  4   51  1244.38  6334.42778   6334.4279   4.0  1  1
		  4   51  1319.18  6382.99915   6382.9914   4.0  1  1
		  4   51  1542.49  6532.88136   6532.8824   4.0  1  1
		  4   51  2085.15  6929.46051    6929.468   4.0  1  1
		  4   51  2256.73  7065.19663    7065.188   4.0  1  1
		  4   51  2389.48  7173.93752    7173.939   4.0  1  1
		  4   51  2474.26  7245.16583    7245.167   4.0  1  1
		  5   52  1496.77  5944.83393   5944.8342   4.0  1  1
		  5   52  1633.78  6029.98913   6029.9971   4.0  1  1
		  5   52  1703.52  6074.34449   6074.3377   4.0  1  1
		  5   52  1737.46  6096.18167    6096.163   4.0  1  1
		  5   52  1840.61  6163.57722   6163.5939   4.0  1  1
		  5   52  1993.62   6266.4855    6266.495   4.0  1  1
		  5   52  2091.81  6334.43819   6334.4279   4.0  1  1
		  5   52  2454.44  6598.95225   6598.9529   4.0  1  1
		  6   53  1976.24  5764.41316    5764.418   4.0  1  1
		  6   53  2116.45  5852.49846   5852.4878   4.0  1  1
		  6   53  2258.71  5944.82787   5944.8342   4.0  1  1
		  6   53  2450.60   6074.3178   6074.3377   4.0  1  1
		  6   53  2482.16  6096.18974    6096.163   4.0  1  1
		  6   53  2548.97  6143.05583   6143.0623   4.0  1  1
	offset	47
	niterate 0
	lowreject 3.
	highreject 3.
	coefficients	38
		1.
		6.
		5.
		1.
		1.
		3150.
		48.
		53.
		362540.2659504294
		59575.91668925172
		4700.561359129976
		-181.0370009819288
		-244.8598790731803
		-10.0456823785993
		-72278.30964048306
		-15280.13076467326
		2252.356392658536
		-277.8058436461503
		919.6824307291128
		-83.94267949576724
		9525.798211326456
		34.51471603228066
		-1153.774009957862
		-538.2332690636612
		-512.5793010005549
		16.00915119412149
		-243.1432236588297
		-19.14839211092067
		1422.118243374968
		92.26670369951168
		389.5247916581932
		-2.200166470268371
		-203.6042259929989
		126.89587774308
		-541.6367891012974
		189.0402057846561
		-200.1023808658563
		76.25483039668621

# Tue 22:22:56 09-Nov-2021
begin	ecidentify ljg2m401-yf01-20210105-0051-x00_sum
	id	ljg2m401-yf01-20210105-0051-x00_sum
	task	ecidentify
	image	ljg2m401-yf01-20210105-0051-x00_sum
	units	angstroms
	features	55
		  1   48   278.69  8002.45803    8002.458   4.0  1  1
		  1   48   785.23  8495.35964     8495.36   4.0  1  1
		  1   48   966.85  8654.38349    8654.383   4.0  1  1
		  2   49   201.51  7065.18767    7065.188   4.0  1  1
		  2   49   468.05  7245.16821    7245.167   4.0  1  1
		  2   49   739.08  7438.89777    7438.899   4.0  1  1
		  2   49  1780.95  8300.32695     8300.33   4.0  1  1
		  2   49  1863.72  8377.61295     8377.61   4.0  1  1
		  2   49  2148.94  8654.38272    8654.383   4.0  1  1
		  3   50   167.40   6304.7975   6304.7892   4.0  1  1
		  3   50   218.91  6334.42581   6334.4279   4.0  1  1
		  3   50   302.20  6382.97556   6382.9914   4.0  1  1
		  3   50   334.87  6402.24481    6402.246   4.0  1  1
		  3   50   507.87  6506.53544   6506.5279   4.0  1  1
		  3   50   550.58    6532.891   6532.8824   4.0  1  1
		  3   50   655.90  6598.95828   6598.9529   4.0  1  1
		  3   50   779.02  6678.19055      6678.2   4.0  1  1
		  3   50   838.17  6717.04204   6717.0428   4.0  1  1
		  3   50  1148.41    6929.459    6929.468   4.0  1  1
		  3   50  1291.44  7032.41848   7032.4127   4.0  1  1
		  3   50  1481.03  7173.95316    7173.939   4.0  1  1
		  3   50  1573.55  7245.17047    7245.167   4.0  1  1
		  3   50  1619.83  7281.33573    7281.349   4.0  1  1
		  3   50  1876.70  7488.86649    7488.872   4.0  1  1
		  3   50  1932.80  7535.78533     7535.78   4.0  1  1
		  4   51   424.75  5852.48517   5852.4878   4.0  1  1
		  4   51   594.12  5944.83942   5944.8342   4.0  1  1
		  4   51   821.06  6074.33987   6074.3377   4.0  1  1
		  4   51   858.18  6096.16676    6096.163   4.0  1  1
		  4   51   936.89  6143.06107   6143.0623   4.0  1  1
		  4   51   970.90  6163.58336   6163.5939   4.0  1  1
		  4   51  1058.67   6217.2776   6217.2813   4.0  1  1
		  4   51  1137.63  6266.49428    6266.495   4.0  1  1
		  4   51  1198.12  6304.79037   6304.7892   4.0  1  1
		  4   51  1244.38  6334.42778   6334.4279   4.0  1  1
		  4   51  1319.18  6382.99915   6382.9914   4.0  1  1
		  4   51  1542.49  6532.88136   6532.8824   4.0  1  1
		  4   51  2085.15  6929.46051    6929.468   4.0  1  1
		  4   51  2256.73  7065.19663    7065.188   4.0  1  1
		  4   51  2389.48  7173.93752    7173.939   4.0  1  1
		  4   51  2474.26  7245.16583    7245.167   4.0  1  1
		  5   52  1496.77  5944.83393   5944.8342   4.0  1  1
		  5   52  1633.78  6029.98913   6029.9971   4.0  1  1
		  5   52  1703.52  6074.34449   6074.3377   4.0  1  1
		  5   52  1737.46  6096.18167    6096.163   4.0  1  1
		  5   52  1840.61  6163.57722   6163.5939   4.0  1  1
		  5   52  1993.62   6266.4855    6266.495   4.0  1  1
		  5   52  2091.81  6334.43819   6334.4279   4.0  1  1
		  5   52  2454.44  6598.95225   6598.9529   4.0  1  1
		  6   53  1976.24  5764.41316    5764.418   4.0  1  1
		  6   53  2116.45  5852.49846   5852.4878   4.0  1  1
		  6   53  2258.71  5944.82787   5944.8342   4.0  1  1
		  6   53  2450.60   6074.3178   6074.3377   4.0  1  1
		  6   53  2482.16  6096.18974    6096.163   4.0  1  1
		  6   53  2548.97  6143.05583   6143.0623   4.0  1  1
	offset	47
	niterate 0
	lowreject 3.
	highreject 3.
	coefficients	38
		1.
		6.
		5.
		1.
		1.
		3150.
		48.
		53.
		362540.2659504294
		59575.91668925172
		4700.561359129976
		-181.0370009819288
		-244.8598790731803
		-10.0456823785993
		-72278.30964048306
		-15280.13076467326
		2252.356392658536
		-277.8058436461503
		919.6824307291128
		-83.94267949576724
		9525.798211326456
		34.51471603228066
		-1153.774009957862
		-538.2332690636612
		-512.5793010005549
		16.00915119412149
		-243.1432236588297
		-19.14839211092067
		1422.118243374968
		92.26670369951168
		389.5247916581932
		-2.200166470268371
		-203.6042259929989
		126.89587774308
		-541.6367891012974
		189.0402057846561
		-200.1023808658563
		76.25483039668621

# Tue 22:26:44 09-Nov-2021
begin	ecidentify ljg2m401-yf01-20210105-0051-x00_sum
	id	ljg2m401-yf01-20210105-0051-x00_sum
	task	ecidentify
	image	ljg2m401-yf01-20210105-0051-x00_sum
	units	angstroms
	features	55
		  1   48   278.69  8002.45803    8002.458   4.0  1  1
		  1   48   785.23  8495.35964     8495.36   4.0  1  1
		  1   48   966.85  8654.38349    8654.383   4.0  1  1
		  2   49   201.51  7065.18767    7065.188   4.0  1  1
		  2   49   468.05  7245.16821    7245.167   4.0  1  1
		  2   49   739.08  7438.89777    7438.899   4.0  1  1
		  2   49  1780.95  8300.32695     8300.33   4.0  1  1
		  2   49  1863.72  8377.61295     8377.61   4.0  1  1
		  2   49  2148.94  8654.38272    8654.383   4.0  1  1
		  3   50   167.40   6304.7975   6304.7892   4.0  1  1
		  3   50   218.91  6334.42581   6334.4279   4.0  1  1
		  3   50   302.20  6382.97556   6382.9914   4.0  1  1
		  3   50   334.87  6402.24481    6402.246   4.0  1  1
		  3   50   507.87  6506.53544   6506.5279   4.0  1  1
		  3   50   550.58    6532.891   6532.8824   4.0  1  1
		  3   50   655.90  6598.95828   6598.9529   4.0  1  1
		  3   50   779.02  6678.19055      6678.2   4.0  1  1
		  3   50   838.17  6717.04204   6717.0428   4.0  1  1
		  3   50  1148.41    6929.459    6929.468   4.0  1  1
		  3   50  1291.44  7032.41848   7032.4127   4.0  1  1
		  3   50  1481.03  7173.95316    7173.939   4.0  1  1
		  3   50  1573.55  7245.17047    7245.167   4.0  1  1
		  3   50  1619.83  7281.33573    7281.349   4.0  1  1
		  3   50  1876.70  7488.86649    7488.872   4.0  1  1
		  3   50  1932.80  7535.78533     7535.78   4.0  1  1
		  4   51   424.75  5852.48517   5852.4878   4.0  1  1
		  4   51   594.12  5944.83942   5944.8342   4.0  1  1
		  4   51   821.06  6074.33987   6074.3377   4.0  1  1
		  4   51   858.18  6096.16676    6096.163   4.0  1  1
		  4   51   936.89  6143.06107   6143.0623   4.0  1  1
		  4   51   970.90  6163.58336   6163.5939   4.0  1  1
		  4   51  1058.67   6217.2776   6217.2813   4.0  1  1
		  4   51  1137.63  6266.49428    6266.495   4.0  1  1
		  4   51  1198.12  6304.79037   6304.7892   4.0  1  1
		  4   51  1244.38  6334.42778   6334.4279   4.0  1  1
		  4   51  1319.18  6382.99915   6382.9914   4.0  1  1
		  4   51  1542.49  6532.88136   6532.8824   4.0  1  1
		  4   51  2085.15  6929.46051    6929.468   4.0  1  1
		  4   51  2256.73  7065.19663    7065.188   4.0  1  1
		  4   51  2389.48  7173.93752    7173.939   4.0  1  1
		  4   51  2474.26  7245.16583    7245.167   4.0  1  1
		  5   52  1496.77  5944.83393   5944.8342   4.0  1  1
		  5   52  1633.78  6029.98913   6029.9971   4.0  1  1
		  5   52  1703.52  6074.34449   6074.3377   4.0  1  1
		  5   52  1737.46  6096.18167    6096.163   4.0  1  1
		  5   52  1840.61  6163.57722   6163.5939   4.0  1  1
		  5   52  1993.62   6266.4855    6266.495   4.0  1  1
		  5   52  2091.81  6334.43819   6334.4279   4.0  1  1
		  5   52  2454.44  6598.95225   6598.9529   4.0  1  1
		  6   53  1976.24  5764.41316    5764.418   4.0  1  1
		  6   53  2116.45  5852.49846   5852.4878   4.0  1  1
		  6   53  2258.71  5944.82787   5944.8342   4.0  1  1
		  6   53  2450.60   6074.3178   6074.3377   4.0  1  1
		  6   53  2482.16  6096.18974    6096.163   4.0  1  1
		  6   53  2548.97  6143.05583   6143.0623   4.0  1  1
	offset	47
	niterate 0
	lowreject 3.
	highreject 3.
	coefficients	38
		1.
		6.
		5.
		1.
		1.
		3150.
		48.
		53.
		362540.2659504294
		59575.91668925172
		4700.561359129976
		-181.0370009819288
		-244.8598790731803
		-10.0456823785993
		-72278.30964048306
		-15280.13076467326
		2252.356392658536
		-277.8058436461503
		919.6824307291128
		-83.94267949576724
		9525.798211326456
		34.51471603228066
		-1153.774009957862
		-538.2332690636612
		-512.5793010005549
		16.00915119412149
		-243.1432236588297
		-19.14839211092067
		1422.118243374968
		92.26670369951168
		389.5247916581932
		-2.200166470268371
		-203.6042259929989
		126.89587774308
		-541.6367891012974
		189.0402057846561
		-200.1023808658563
		76.25483039668621

