# Tue 11:20:55 09-Nov-2021
begin	ecidentify ljg2m401-yf01-20210105-0071-x00_sum
	id	ljg2m401-yf01-20210105-0071-x00_sum
	task	ecidentify
	image	ljg2m401-yf01-20210105-0071-x00_sum
	units	angstroms
	features	78
		  1    1   280.99  280.987549    8002.458   4.0  1  1
		  1    1   554.80  554.798096     8300.33   4.0  1  1
		  1    1   648.61  648.607666     8377.61   4.0  1  1
		  1    1   787.38  787.382874     8495.36   4.0  1  1
		  1    1   947.13  947.132324     8634.65   4.0  1  1
		  1    1   968.91  968.907349    8654.383   4.0  1  1
		  2    2   204.25  204.248322    7065.188   4.0  1  1
		  2    2   366.78  366.776428    7173.939   4.0  1  1
		  2    2   470.54  470.543396    7245.167   4.0  1  1
		  2    2   522.36  522.360046    7281.349   4.0  1  1
		  2    2   741.42  741.424194    7438.899   4.0  1  1
		  2    2   808.80  808.797791    7488.872   4.0  1  1
		  2    2   871.09  871.093689     7535.78   4.0  1  1
		  2    2  1540.44  1540.44312      8002.4   4.0  1  1
		  2    2  1782.39  1782.39429     8300.33   4.0  1  1
		  2    2  1865.07  1865.07166     8377.61   4.0  1  1
		  2    2  1988.54   1988.5426     8495.36   4.0  1  1
		  2    2  2130.30  2130.30371     8634.65   4.0  1  1
		  2    2  2150.06  2150.05835    8654.383   4.0  1  1
		  3    3   170.15  170.149994   6304.7892   4.0  1  1
		  3    3   221.63  221.627167   6334.4279   4.0  1  1
		  3    3   304.83  304.827972   6382.9914   4.0  1  1
		  3    3   337.48  337.480347    6402.246   4.0  1  1
		  3    3   510.43  510.434875   6506.5279   4.0  1  1
		  3    3   553.03   553.02948   6532.8824   4.0  1  1
		  3    3   658.35  658.348938   6598.9529   4.0  1  1
		  3    3   781.38  781.379639      6678.2   4.0  1  1
		  3    3   840.48  840.475342   6717.0428   4.0  1  1
		  3    3  1150.41  1150.41089    6929.468   4.0  1  1
		  3    3  1293.31  1293.30823   7032.4127   4.0  1  1
		  3    3  1337.95  1337.95117    7065.188   4.0  1  1
		  3    3  1482.71  1482.71301    7173.939   4.0  1  1
		  3    3  1575.18  1575.17969    7245.167   4.0  1  1
		  3    3  1621.44  1621.44141    7281.349   4.0  1  1
		  3    3  1817.57  1817.57361    7438.899   4.0  1  1
		  3    3  1878.07  1878.07471    7488.872   4.0  1  1
		  3    3  1934.14  1934.13672     7535.78   4.0  1  1
		  4    4   427.25  427.246094   5852.4878   4.0  1  1
		  4    4   470.53   470.53476    5875.618   4.0  1  1
		  4    4   596.71    596.7146   5944.8342   4.0  1  1
		  4    4   823.46  823.455078   6074.3377   4.0  1  1
		  4    4   860.54  860.540588    6096.163   4.0  1  1
		  4    4   939.17  939.169739   6143.0623   4.0  1  1
		  4    4   973.16   973.15564   6163.5939   4.0  1  1
		  4    4  1060.81  1060.80701   6217.2813   4.0  1  1
		  4    4  1139.67  1139.67126    6266.495   4.0  1  1
		  4    4  1200.10  1200.10083   6304.7892   4.0  1  1
		  4    4  1246.33  1246.33215   6334.4279   4.0  1  1
		  4    4  1321.03  1321.02905   6382.9914   4.0  1  1
		  4    4  1544.15  1544.15186   6532.8824   4.0  1  1
		  4    4  1639.11  1639.10547   6598.9529   4.0  1  1
		  4    4  1804.01  1804.00806   6717.0428   4.0  1  1
		  4    4  2086.31  2086.31445    6929.468   4.0  1  1
		  4    4  2216.88  2216.87988   7032.4127   4.0  1  1
		  4    4  2257.73  2257.72876    7065.188   4.0  1  1
		  4    4  2390.39   2390.3938    7173.939   4.0  1  1
		  4    4  2475.06  2475.05615    7245.167   4.0  1  1
		  5    5  1193.89  1193.88696    5764.418   4.0  1  1
		  5    5  1345.21  1345.20691   5852.4878   4.0  1  1
		  5    5  1498.54  1498.53699   5944.8342   4.0  1  1
		  5    5  1635.44  1635.43787   6029.9971   4.0  1  1
		  5    5  1705.05  1705.05298   6074.3377   4.0  1  1
		  5    5  1738.92  1738.92029    6096.163   4.0  1  1
		  5    5  1842.04  1842.04187   6163.5939   4.0  1  1
		  5    5  1994.87  1994.87109    6266.495   4.0  1  1
		  5    5  2050.50  2050.50366   6304.7892   4.0  1  1
		  5    5  2093.01  2093.01172   6334.4279   4.0  1  1
		  5    5  2332.16  2332.16284   6506.5279   4.0  1  1
		  5    5  2367.60   2367.5957   6532.8824   4.0  1  1
		  5    5  2455.32  2455.31812   6598.9529   4.0  1  1
		  6    6  1345.96  1345.96191    5400.562   4.0  1  1
		  6    6  1977.52  1977.51685    5764.418   4.0  1  1
		  6    6  2117.58  2117.57788   5852.4878   4.0  1  1
		  6    6  2153.69  2153.69189    5875.618   4.0  1  1
		  6    6  2259.72  2259.72437   5944.8342   4.0  1  1
		  6    6  2451.50  2451.50146   6074.3377   4.0  1  1
		  6    6  2482.93   2482.9314    6096.163   4.0  1  1
		  6    6  2549.74   2549.7395   6143.0623   4.0  1  1
	shift	35908.57376911997
	slope	0

# Tue 11:28:41 09-Nov-2021
begin	ecidentify ljg2m401-yf01-20210105-0071-x00_sum
	id	ljg2m401-yf01-20210105-0071-x00_sum
	task	ecidentify
	image	ljg2m401-yf01-20210105-0071-x00_sum
	units	angstroms
	features	60
		  1    7   280.99  8002.45824    8002.458   4.0  1  1
		  1    7   787.38  8495.35713     8495.36   4.0  1  1
		  1    7   968.91  8654.38541    8654.383   4.0  1  1
		  2    8   204.25  7065.18723    7065.188   4.0  1  1
		  2    8   470.54  7245.16839    7245.167   4.0  1  1
		  2    8   741.42  7438.90116    7438.899   4.0  1  1
		  2    8  1782.39  8300.30723     8300.33   4.0  1  1
		  2    8  1865.07  8377.62432     8377.61   4.0  1  1
		  2    8  2130.30  8634.66318     8634.65   4.0  1  1
		  2    8  2150.06  8654.37131    8654.383   4.0  1  1
		  3    9   170.15  6304.79159   6304.7892   4.0  1  1
		  3    9   221.63  6334.43618   6334.4279   4.0  1  1
		  3    9   304.83  6382.97289   6382.9914   4.0  1  1
		  3    9   337.48  6402.24341    6402.246   4.0  1  1
		  3    9   510.44  6506.55878   6506.5279   4.0  1  1
		  3    9   553.03  6532.85587   6532.8824   4.0  1  1
		  3    9   658.35  6598.96326   6598.9529   4.0  1  1
		  3    9   781.38  6678.19682      6678.2   4.0  1  1
		  3    9   840.48  6717.04488   6717.0428   4.0  1  1
		  3    9  1150.41  6929.44821    6929.468   4.0  1  1
		  3    9  1293.31  7032.41005   7032.4127   4.0  1  1
		  3    9  1482.71  7173.94219    7173.939   4.0  1  1
		  3    9  1575.18  7245.18695    7245.167   4.0  1  1
		  3    9  1621.44  7281.37233    7281.349   4.0  1  1
		  3    9  1878.07  7488.87006    7488.872   4.0  1  1
		  3    9  1934.14  7535.77137     7535.78   4.0  1  1
		  4   10   427.25  5852.45118   5852.4878   4.0  1  1
		  4   10   470.54  5875.67806    5875.618   4.0  1  1
		  4   10   596.71  5944.80477   5944.8342   4.0  1  1
		  4   10   823.46  6074.32903   6074.3377   4.0  1  1
		  4   10   860.54  6096.16453    6096.163   4.0  1  1
		  4   10   939.17  6143.07151   6143.0623   4.0  1  1
		  4   10   973.16  6163.60472   6163.5939   4.0  1  1
		  4   10  1060.81  6217.28838   6217.2813   4.0  1  1
		  4   10  1139.67  6266.49584    6266.495   4.0  1  1
		  4   10  1200.10  6304.78925   6304.7892   4.0  1  1
		  4   10  1246.33  6334.43411   6334.4279   4.0  1  1
		  4   10  1321.03  6382.97835   6382.9914   4.0  1  1
		  4   10  1544.15  6532.85323   6532.8824   4.0  1  1
		  4   10  2086.31  6929.46579    6929.468   4.0  1  1
		  4   10  2216.88   7032.3795   7032.4127   4.0  1  1
		  4   10  2257.73  7065.20809    7065.188   4.0  1  1
		  4   10  2390.39  7173.97074    7173.939   4.0  1  1
		  4   10  2475.06  7245.14845    7245.167   4.0  1  1
		  5   11  1498.54  5944.80787   5944.8342   4.0  1  1
		  5   11  1635.44  6030.03363   6029.9971   4.0  1  1
		  5   11  1705.05  6074.35252   6074.3377   4.0  1  1
		  5   11  1738.92  6096.16174    6096.163   4.0  1  1
		  5   11  1842.04  6163.59701   6163.5939   4.0  1  1
		  5   11  1994.87  6266.47461    6266.495   4.0  1  1
		  5   11  2093.01  6334.43938   6334.4279   4.0  1  1
		  5   11  2332.16  6506.52114   6506.5279   4.0  1  1
		  5   11  2455.32  6598.95605   6598.9529   4.0  1  1
		  6   12  1977.52  5764.41318    5764.418   4.0  1  1
		  6   12  2117.58  5852.45698   5852.4878   4.0  1  1
		  6   12  2153.69  5875.64298    5875.618   4.0  1  1
		  6   12  2259.72  5944.84909   5944.8342   4.0  1  1
		  6   12  2451.50  6074.34494   6074.3377   4.0  1  1
		  6   12  2482.93  6096.13698    6096.163   4.0  1  1
		  6   12  2549.74  6143.07354   6143.0623   4.0  1  1
	offset	6
	niterate 0
	lowreject 3.
	highreject 3.
	coefficients	36
		1.
		7.
		4.
		1.
		1.
		3150.
		7.
		12.
		66681.1221196041
		10869.12229106462
		1427.753268790593
		-89.93208795659537
		207.543813924861
		-29.46987340915134
		38.12226257262404
		1342.49541637456
		-1370.464108683835
		766.7381570183106
		-637.9273628037175
		319.8103881124694
		-175.609911085397
		42.47358244866681
		359.3671436221908
		-303.9373205908572
		484.7772005075573
		-163.4261420214597
		216.9497756233304
		-32.99401238791195
		41.77694964928816
		163.2268703343015
		-388.0355294729688
		249.311231688483
		-226.8594702172367
		102.7665344573242
		-61.93624989362444
		12.21670281309194

# Tue 11:55:24 09-Nov-2021
begin	ecidentify ljg2m401-yf01-20210105-0071-x00_sum
	id	ljg2m401-yf01-20210105-0071-x00_sum
	task	ecidentify
	image	ljg2m401-yf01-20210105-0071-x00_sum
	units	angstroms
	features	60
		  1    7   280.99  8002.45824    8002.458   4.0  1  1
		  1    7   787.38  8495.35713     8495.36   4.0  1  1
		  1    7   968.91  8654.38541    8654.383   4.0  1  1
		  2    8   204.25  7065.18723    7065.188   4.0  1  1
		  2    8   470.54  7245.16839    7245.167   4.0  1  1
		  2    8   741.42  7438.90116    7438.899   4.0  1  1
		  2    8  1782.39  8300.30723     8300.33   4.0  1  1
		  2    8  1865.07  8377.62432     8377.61   4.0  1  1
		  2    8  2130.30  8634.66318     8634.65   4.0  1  1
		  2    8  2150.06  8654.37131    8654.383   4.0  1  1
		  3    9   170.15   6304.7916   6304.7892   4.0  1  1
		  3    9   221.63  6334.43617   6334.4279   4.0  1  1
		  3    9   304.83  6382.97289   6382.9914   4.0  1  1
		  3    9   337.48  6402.24342    6402.246   4.0  1  1
		  3    9   510.44  6506.55878   6506.5279   4.0  1  1
		  3    9   553.03  6532.85585   6532.8824   4.0  1  1
		  3    9   658.35  6598.96328   6598.9529   4.0  1  1
		  3    9   781.38  6678.19681      6678.2   4.0  1  1
		  3    9   840.48  6717.04487   6717.0428   4.0  1  1
		  3    9  1150.41  6929.44822    6929.468   4.0  1  1
		  3    9  1293.31  7032.41005   7032.4127   4.0  1  1
		  3    9  1482.71  7173.94219    7173.939   4.0  1  1
		  3    9  1575.18  7245.18695    7245.167   4.0  1  1
		  3    9  1621.44  7281.37233    7281.349   4.0  1  1
		  3    9  1878.07  7488.87006    7488.872   4.0  1  1
		  3    9  1934.14  7535.77137     7535.78   4.0  1  1
		  4   10   427.25  5852.45118   5852.4878   4.0  1  1
		  4   10   470.54  5875.67807    5875.618   4.0  1  1
		  4   10   596.71  5944.80477   5944.8342   4.0  1  1
		  4   10   823.46  6074.32902   6074.3377   4.0  1  1
		  4   10   860.54  6096.16452    6096.163   4.0  1  1
		  4   10   939.17  6143.07151   6143.0623   4.0  1  1
		  4   10   973.16  6163.60475   6163.5939   4.0  1  1
		  4   10  1060.81  6217.28837   6217.2813   4.0  1  1
		  4   10  1139.67  6266.49583    6266.495   4.0  1  1
		  4   10  1200.10  6304.78925   6304.7892   4.0  1  1
		  4   10  1246.33  6334.43411   6334.4279   4.0  1  1
		  4   10  1321.03  6382.97835   6382.9914   4.0  1  1
		  4   10  1544.15  6532.85323   6532.8824   4.0  1  1
		  4   10  2086.31  6929.46579    6929.468   4.0  1  1
		  4   10  2216.88   7032.3795   7032.4127   4.0  1  1
		  4   10  2257.73  7065.20809    7065.188   4.0  1  1
		  4   10  2390.39  7173.97074    7173.939   4.0  1  1
		  4   10  2475.06  7245.14845    7245.167   4.0  1  1
		  5   11  1498.54  5944.80787   5944.8342   4.0  1  1
		  5   11  1635.44  6030.03363   6029.9971   4.0  1  1
		  5   11  1705.05  6074.35252   6074.3377   4.0  1  1
		  5   11  1738.92  6096.16174    6096.163   4.0  1  1
		  5   11  1842.04  6163.59701   6163.5939   4.0  1  1
		  5   11  1994.87  6266.47461    6266.495   4.0  1  1
		  5   11  2093.01  6334.43937   6334.4279   4.0  1  1
		  5   11  2332.16  6506.52114   6506.5279   4.0  1  1
		  5   11  2455.32  6598.95605   6598.9529   4.0  1  1
		  6   12  1977.52  5764.41318    5764.418   4.0  1  1
		  6   12  2117.58  5852.45698   5852.4878   4.0  1  1
		  6   12  2153.69  5875.64298    5875.618   4.0  1  1
		  6   12  2259.72  5944.84909   5944.8342   4.0  1  1
		  6   12  2451.50  6074.34494   6074.3377   4.0  1  1
		  6   12  2482.93  6096.13698    6096.163   4.0  1  1
		  6   12  2549.74  6143.07354   6143.0623   4.0  1  1
	offset	6
	niterate 0
	lowreject 3.
	highreject 3.
	coefficients	36
		1.
		7.
		4.
		1.
		1.
		3150.
		7.
		12.
		66681.11337992391
		10869.11104245334
		1427.739848705306
		-89.9378130462815
		207.5381692542456
		-29.47107719958819
		38.12131356778133
		1342.504449205128
		-1370.440903926153
		766.7511330523012
		-637.9143765965588
		319.8147463597227
		-175.606670883871
		42.47406855133803
		359.3601393841956
		-303.9460982106515
		484.7664378713783
		-163.4304155561677
		216.9452892992346
		-32.99482218882174
		41.77625315924816
		163.2290857928236
		-388.0311526343813
		249.3145856522106
		-226.8569619466921
		102.7679633459173
		-61.93562425243605
		12.21704627148334

